   -1.00                -26.00
   -1.00                -32.00
   -0.99                -29.00
   -0.99                -21.00
   -0.98                -15.00
   -0.98                -10.00
   -0.98                 -7.00
   -0.97                 -5.00
   -0.97                 -4.00
   -0.96                 -4.00
   -0.96                 -4.00
   -0.96                 -4.00
   -0.95                 -4.00
   -0.95                 -3.00
   -0.94                 -3.00
   -0.94                 -3.00
   -0.94                 -3.00
   -0.93                 -3.00
   -0.93                 -3.00
   -0.92                 -3.00
   -0.92                 -3.00
   -0.92                 -4.00
   -0.91                 -4.00
   -0.91                 -4.00
   -0.90                 -4.00
   -0.90                 -4.00
   -0.90                 -4.00
   -0.89                 -4.00
   -0.89                 -4.00
   -0.88                 -4.00
   -0.88                 -5.00
   -0.88                 -5.00
   -0.87                 -5.00
   -0.87                 -5.00
   -0.86                 -5.00
   -0.86                 -4.00
   -0.86                 -4.00
   -0.85                 -4.00
   -0.85                 -4.00
   -0.84                 -4.00
   -0.84                 -5.00
   -0.84                 -5.00
   -0.83                 -5.00
   -0.83                 -5.00
   -0.82                 -6.00
   -0.82                 -7.00
   -0.82                 -7.00
   -0.81                 -7.00
   -0.81                 -7.00
   -0.80                 -7.00
   -0.80                 -7.00
   -0.80                 -7.00
   -0.79                 -7.00
   -0.79                 -7.00
   -0.78                 -7.00
   -0.78                 -7.00
   -0.78                 -7.00
   -0.77                 -7.00
   -0.77                 -8.00
   -0.76                 -8.00
   -0.76                 -8.00
   -0.76                 -8.00
   -0.75                 -7.00
   -0.75                 -7.00
   -0.74                 -8.00
   -0.74                 -8.00
   -0.74                 -9.00
   -0.73                 -8.00
   -0.73                 -8.00
   -0.72                 -8.00
   -0.72                 -9.00
   -0.72                 -9.00
   -0.71                 -9.00
   -0.71                 -9.00
   -0.70                 -9.00
   -0.70                 -9.00
   -0.70                 -9.00
   -0.69                -10.00
   -0.69                -11.00
   -0.68                -11.00
   -0.68                -12.00
   -0.68                -11.00
   -0.67                -11.00
   -0.67                -11.00
   -0.66                -11.00
   -0.66                -10.00
   -0.66                -10.00
   -0.65                -10.00
   -0.65                -11.00
   -0.64                -11.00
   -0.64                -11.00
   -0.64                -12.00
   -0.63                -13.00
   -0.63                -13.00
   -0.62                -13.00
   -0.62                -14.00
   -0.62                -14.00
   -0.61                -14.00
   -0.61                -14.00
   -0.60                -15.00
   -0.60                -15.00
   -0.60                -15.00
   -0.59                -15.00
   -0.59                -15.00
   -0.58                -17.00
   -0.58                -18.00
   -0.58                -17.00
   -0.57                -16.00
   -0.57                -17.00
   -0.56                -18.00
   -0.56                -18.00
   -0.56                -18.00
   -0.55                -19.00
   -0.55                -19.00
   -0.54                -20.00
   -0.54                -20.00
   -0.54                -21.00
   -0.53                -22.00
   -0.53                -22.00
   -0.52                -23.00
   -0.52                -23.00
   -0.52                -23.00
   -0.51                -23.00
   -0.51                -24.00
   -0.50                -25.00
   -0.50                -26.00
   -0.50                -27.00
   -0.49                -27.00
   -0.49                -28.00
   -0.48                -29.00
   -0.48                -29.00
   -0.48                -30.00
   -0.47                -31.00
   -0.47                -32.00
   -0.46                -32.00
   -0.46                -32.00
   -0.46                -34.00
   -0.45                -35.00
   -0.45                -36.00
   -0.44                -36.00
   -0.44                -37.00
   -0.44                -38.00
   -0.43                -39.00
   -0.43                -40.00
   -0.42                -42.00
   -0.42                -43.00
   -0.42                -44.00
   -0.41                -45.00
   -0.41                -47.00
   -0.40                -48.00
   -0.40                -50.00
   -0.40                -50.00
   -0.39                -52.00
   -0.39                -53.00
   -0.38                -54.00
   -0.38                -56.00
   -0.38                -57.00
   -0.37                -59.00
   -0.37                -60.00
   -0.36                -61.00
   -0.36                -63.00
   -0.36                -65.00
   -0.35                -67.00
   -0.35                -70.00
   -0.34                -73.00
   -0.34                -75.00
   -0.34                -78.00
   -0.33                -80.00
   -0.33                -83.00
   -0.32                -86.00
   -0.32                -89.00
   -0.32                -92.00
   -0.31                -94.00
   -0.31                -96.00
   -0.30                -98.00
   -0.30               -101.00
   -0.30               -104.00
   -0.29               -107.00
   -0.29               -110.00
   -0.28               -113.00
   -0.28               -116.00
   -0.28               -120.00
   -0.27               -124.00
   -0.27               -127.00
   -0.26               -131.00
   -0.26               -134.00
   -0.26               -137.00
   -0.25               -140.00
   -0.25               -144.00
   -0.24               -146.00
   -0.24               -149.00
   -0.24               -151.00
   -0.23               -155.00
   -0.23               -157.00
   -0.22               -160.00
   -0.22               -163.00
   -0.22               -166.00
   -0.21               -168.00
   -0.21               -171.00
   -0.20               -172.00
   -0.20               -175.00
   -0.20               -177.00
   -0.19               -178.00
   -0.19               -179.00
   -0.18               -180.00
   -0.18               -181.00
   -0.18               -181.00
   -0.17               -181.00
   -0.17               -180.00
   -0.16               -179.00
   -0.16               -177.00
   -0.16               -176.00
   -0.15               -174.00
   -0.15               -173.00
   -0.14               -172.00
   -0.14               -169.00
   -0.14               -167.00
   -0.13               -164.00
   -0.13               -160.00
   -0.12               -156.00
   -0.12               -151.00
   -0.12               -146.00
   -0.11               -141.00
   -0.11               -136.00
   -0.10               -132.00
   -0.10               -126.00
   -0.10               -120.00
   -0.09               -115.00
   -0.09               -109.00
   -0.08               -104.00
   -0.08                -98.00
   -0.08                -92.00
   -0.07                -85.00
   -0.07                -78.00
   -0.06                -71.00
   -0.06                -65.00
   -0.06                -58.00
   -0.05                -51.00
   -0.05                -43.00
   -0.04                -36.00
   -0.04                -29.00
   -0.04                -22.00
   -0.03                -15.00
   -0.03                 -8.00
   -0.02                 -1.00
   -0.02                  5.00
   -0.02                 11.00
   -0.01                 18.00
   -0.01                 25.00
   -0.00                 32.00
    0.00                 39.00
    0.00                 47.00
    0.01                 54.00
    0.01                 61.00
    0.02                 67.00
    0.02                 74.00
    0.02                 81.00
    0.03                 88.00
    0.03                 94.00
    0.04                100.00
    0.04                105.00
    0.04                111.00
    0.05                116.00
    0.05                122.00
    0.06                127.00
    0.06                133.00
    0.06                137.00
    0.07                143.00
    0.07                147.00
    0.08                152.00
    0.08                157.00
    0.08                160.00
    0.09                163.00
    0.09                166.00
    0.10                168.00
    0.10                170.00
    0.10                172.00
    0.11                175.00
    0.11                177.00
    0.12                179.00
    0.12                179.00
    0.12                180.00
    0.13                181.00
    0.13                180.00
    0.14                179.00
    0.14                179.00
    0.14                178.00
    0.15                177.00
    0.15                176.00
    0.16                174.00
    0.16                172.00
    0.16                169.00
    0.17                167.00
    0.17                165.00
    0.18                162.00
    0.18                159.00
    0.18                156.00
    0.19                153.00
    0.19                150.00
    0.20                147.00
    0.20                144.00
    0.20                140.00
    0.21                136.00
    0.21                133.00
    0.22                130.00
    0.22                128.00
    0.22                124.00
    0.23                121.00
    0.23                118.00
    0.24                114.00
    0.24                111.00
    0.24                107.00
    0.25                104.00
    0.25                101.00
    0.26                 98.00
    0.26                 96.00
    0.26                 93.00
    0.27                 90.00
    0.27                 87.00
    0.28                 85.00
    0.28                 83.00
    0.28                 80.00
    0.29                 77.00
    0.29                 76.00
    0.30                 74.00
    0.30                 72.00
    0.30                 70.00
    0.31                 68.00
    0.31                 66.00
    0.32                 64.00
    0.32                 62.00
    0.32                 61.00
    0.33                 59.00
    0.33                 56.00
    0.34                 55.00
    0.34                 54.00
    0.34                 52.00
    0.35                 50.00
    0.35                 49.00
    0.36                 48.00
    0.36                 47.00
    0.36                 46.00
    0.37                 44.00
    0.37                 43.00
    0.38                 41.00
    0.38                 40.00
    0.38                 38.00
    0.39                 37.00
    0.39                 36.00
    0.40                 36.00
    0.40                 35.00
    0.40                 34.00
    0.41                 34.00
    0.41                 33.00
    0.42                 31.00
    0.42                 30.00
    0.42                 29.00
    0.43                 28.00
    0.43                 27.00
    0.44                 26.00
    0.44                 26.00
    0.44                 25.00
    0.45                 25.00
    0.45                 26.00
    0.46                 25.00
    0.46                 24.00
    0.46                 24.00
    0.47                 23.00
    0.47                 22.00
    0.48                 21.00
    0.48                 21.00
    0.48                 21.00
    0.49                 20.00
    0.49                 20.00
    0.50                 20.00
    0.50                 19.00
    0.50                 18.00
    0.51                 18.00
    0.51                 17.00
    0.52                 17.00
    0.52                 17.00
    0.52                 17.00
    0.53                 15.00
    0.53                 15.00
    0.54                 15.00
    0.54                 14.00
    0.54                 15.00
    0.55                 14.00
    0.55                 13.00
    0.56                 13.00
    0.56                 14.00
    0.56                 14.00
    0.57                 14.00
    0.57                 14.00
    0.58                 13.00
    0.58                 13.00
    0.58                 12.00
    0.59                 11.00
    0.59                 11.00
    0.60                 11.00
    0.60                 10.00
    0.60                 11.00
    0.61                 11.00
    0.61                 10.00
    0.62                  9.00
    0.62                  9.00
    0.62                  9.00
    0.63                  8.00
    0.63                  9.00
    0.64                  8.00
    0.64                  8.00
    0.64                  9.00
    0.65                  9.00
    0.65                  9.00
    0.66                  8.00
    0.66                  7.00
    0.66                  7.00
    0.67                  8.00
    0.67                  8.00
    0.68                  8.00
    0.68                  8.00
    0.68                  8.00
    0.69                  7.00
    0.69                  7.00
    0.70                  7.00
    0.70                  7.00
    0.70                  7.00
    0.71                  6.00
    0.71                  5.00
    0.72                  4.00
    0.72                  4.00
    0.72                  4.00
    0.73                  5.00
    0.73                  6.00
    0.74                  6.00
    0.74                  5.00
    0.74                  4.00
    0.75                  4.00
    0.75                  5.00
    0.76                  4.00
    0.76                  4.00
    0.76                  4.00
    0.77                  4.00
    0.77                  5.00
    0.78                  5.00
    0.78                  5.00
    0.78                  5.00
    0.79                  5.00
    0.79                  5.00
    0.80                  5.00
    0.80                  4.00
    0.80                  3.00
    0.81                  3.00
    0.81                  3.00
    0.82                  3.00
    0.82                  3.00
    0.82                  3.00
    0.83                  3.00
    0.83                  3.00
    0.84                  4.00
    0.84                  5.00
    0.84                  5.00
    0.85                  4.00
    0.85                  3.00
    0.86                  4.00
    0.86                  4.00
    0.86                  4.00
    0.87                  4.00
    0.87                  4.00
    0.88                  4.00
    0.88                  4.00
    0.88                  3.00
    0.89                  3.00
    0.89                  3.00
    0.90                  3.00
    0.90                  2.00
    0.90                  2.00
    0.91                  2.00
    0.91                  2.00
    0.92                  1.00
    0.92                  2.00
    0.92                  2.00
    0.93                  2.00
    0.93                  3.00
    0.94                  3.00
    0.94                  3.00
    0.94                  2.00
    0.95                  2.00
    0.95                  2.00
    0.96                  2.00
    0.96                  1.00
    0.96                  1.00
    0.97                  1.00
    0.97                  1.00
    0.98                  1.00
    0.98                  2.00
    0.98                  2.00
    0.99                  2.00
    0.99                  1.00
    1.00                  1.00
    1.00                  2.00

