   -7.50                  0.00
   -7.47                 -1.00
   -7.44                 -6.00
   -7.41                -12.00
   -7.38                 -6.00
   -7.35                  0.00
   -7.32                  3.00
   -7.29                  5.00
   -7.26                 -2.00
   -7.23                 -4.00
   -7.20                 -6.00
   -7.17                -18.00
   -7.14                -13.00
   -7.11                 -1.00
   -7.08                  0.00
   -7.05                  9.00
   -7.02                 13.00
   -6.99                  0.00
   -6.96                  0.00
   -6.93                 -1.00
   -6.90                 -3.00
   -6.87                  7.00
   -6.84                  2.00
   -6.81                  6.00
   -6.78                 -6.00
   -6.75                -12.00
   -6.72                -10.00
   -6.69                 -7.00
   -6.66                 -5.00
   -6.63                  0.00
   -6.60                  3.00
   -6.57                 10.00
   -6.54                 13.00
   -6.51                  0.00
   -6.48                  2.00
   -6.45                  9.00
   -6.42                  4.00
   -6.39                 11.00
   -6.36                 14.00
   -6.33                  5.00
   -6.30                  5.00
   -6.27                 -3.00
   -6.24                 -3.00
   -6.21                 -6.00
   -6.18                -12.00
   -6.15                  1.00
   -6.12                  0.00
   -6.09                 -4.00
   -6.06                  1.00
   -6.03                  1.00
   -6.00                  2.00
   -5.97                  9.00
   -5.94                  2.00
   -5.91                  8.00
   -5.88                 12.00
   -5.85                  0.00
   -5.82                  3.00
   -5.79                  8.00
   -5.76                  5.00
   -5.73                 16.00
   -5.70                 10.00
   -5.67                 16.00
   -5.64                 24.00
   -5.61                 13.00
   -5.58                 13.00
   -5.55                  6.00
   -5.52                  6.00
   -5.49                 11.00
   -5.46                 -2.00
   -5.43                 -3.00
   -5.40                  3.00
   -5.37                 -3.00
   -5.34                  3.00
   -5.31                  6.00
   -5.28                  1.00
   -5.25                 -2.00
   -5.22                 -5.00
   -5.19                 -3.00
   -5.16                  2.00
   -5.13                 -3.00
   -5.10                 -3.00
   -5.07                  4.00
   -5.04                  0.00
   -5.01                  6.00
   -4.98                 11.00
   -4.95                  1.00
   -4.92                  6.00
   -4.89                  9.00
   -4.86                 17.00
   -4.83                 22.00
   -4.80                 25.00
   -4.77                 23.00
   -4.74                 18.00
   -4.71                 11.00
   -4.68                 16.00
   -4.65                 25.00
   -4.62                 27.00
   -4.59                 29.00
   -4.56                 27.00
   -4.53                 29.00
   -4.50                 33.00
   -4.47                 23.00
   -4.44                 30.00
   -4.41                 32.00
   -4.38                 35.00
   -4.35                 47.00
   -4.32                 47.00
   -4.29                 43.00
   -4.26                 35.00
   -4.23                 29.00
   -4.20                 31.00
   -4.17                 32.00
   -4.14                 33.00
   -4.11                 35.00
   -4.08                 37.00
   -4.05                 36.00
   -4.02                 35.00
   -3.99                 38.00
   -3.96                 28.00
   -3.93                 30.00
   -3.90                 19.00
   -3.87                 18.00
   -3.84                 19.00
   -3.81                 17.00
   -3.78                 35.00
   -3.75                 46.00
   -3.72                 41.00
   -3.69                 49.00
   -3.66                 39.00
   -3.63                 38.00
   -3.60                 38.00
   -3.57                 45.00
   -3.54                 49.00
   -3.51                 48.00
   -3.48                 43.00
   -3.45                 46.00
   -3.42                 53.00
   -3.39                 54.00
   -3.36                 55.00
   -3.33                 39.00
   -3.30                 45.00
   -3.27                 44.00
   -3.24                 34.00
   -3.21                 38.00
   -3.18                 49.00
   -3.15                 48.00
   -3.12                 55.00
   -3.09                 59.00
   -3.06                 67.00
   -3.03                 71.00
   -3.00                 56.00
   -2.97                 69.00
   -2.94                 68.00
   -2.91                 59.00
   -2.88                 57.00
   -2.85                 55.00
   -2.82                 66.00
   -2.79                 68.00
   -2.76                 65.00
   -2.73                 66.00
   -2.70                 70.00
   -2.67                 72.00
   -2.64                 76.00
   -2.61                 73.00
   -2.58                 65.00
   -2.55                 68.00
   -2.52                 59.00
   -2.49                 68.00
   -2.46                 78.00
   -2.43                 74.00
   -2.40                 73.00
   -2.37                 70.00
   -2.34                 65.00
   -2.31                 78.00
   -2.28                 74.00
   -2.25                 75.00
   -2.22                 89.00
   -2.19                 90.00
   -2.16                 91.00
   -2.13                 94.00
   -2.10                 92.00
   -2.07                 97.00
   -2.04                 92.00
   -2.01                 83.00
   -1.98                 88.00
   -1.95                 82.00
   -1.92                 77.00
   -1.89                 92.00
   -1.86                 93.00
   -1.83                104.00
   -1.80                114.00
   -1.77                113.00
   -1.74                124.00
   -1.71                123.00
   -1.68                114.00
   -1.65                116.00
   -1.62                112.00
   -1.59                117.00
   -1.56                122.00
   -1.53                124.00
   -1.50                134.00
   -1.47                138.00
   -1.44                140.00
   -1.41                143.00
   -1.38                134.00
   -1.35                129.00
   -1.32                139.00
   -1.29                130.00
   -1.26                134.00
   -1.23                142.00
   -1.20                141.00
   -1.17                155.00
   -1.14                153.00
   -1.11                162.00
   -1.08                174.00
   -1.05                167.00
   -1.02                161.00
   -0.99                160.00
   -0.96                153.00
   -0.93                171.00
   -0.90                174.00
   -0.87                170.00
   -0.84                174.00
   -0.81                168.00
   -0.78                170.00
   -0.75                181.00
   -0.72                183.00
   -0.69                188.00
   -0.66                205.00
   -0.63                199.00
   -0.60                204.00
   -0.57                203.00
   -0.54                200.00
   -0.51                210.00
   -0.48                207.00
   -0.45                216.00
   -0.42                239.00
   -0.39                248.00
   -0.36                264.00
   -0.33                269.00
   -0.30                272.00
   -0.27                276.00
   -0.24                276.00
   -0.21                280.00
   -0.18                287.00
   -0.15                279.00
   -0.12                278.00
   -0.09                278.00
   -0.06                270.00
   -0.03                265.00
   -0.00                251.00
    0.03                226.00
    0.06                202.00
    0.09                178.00
    0.12                149.00
    0.15                124.00
    0.18                 79.00
    0.21                 45.00
    0.24                 16.00
    0.27                -18.00
    0.30                -41.00
    0.33                -80.00
    0.36               -119.00
    0.39               -143.00
    0.42               -180.00
    0.45               -197.00
    0.48               -209.00
    0.51               -229.00
    0.54               -232.00
    0.57               -227.00
    0.60               -236.00
    0.63               -244.00
    0.66               -252.00
    0.69               -256.00
    0.72               -251.00
    0.75               -258.00
    0.78               -252.00
    0.81               -252.00
    0.84               -257.00
    0.87               -248.00
    0.90               -247.00
    0.93               -239.00
    0.96               -227.00
    0.99               -228.00
    1.02               -214.00
    1.05               -211.00
    1.08               -211.00
    1.11               -201.00
    1.14               -185.00
    1.17               -178.00
    1.20               -169.00
    1.23               -168.00
    1.26               -174.00
    1.29               -177.00
    1.32               -185.00
    1.35               -177.00
    1.38               -172.00
    1.41               -174.00
    1.44               -169.00
    1.47               -171.00
    1.50               -172.00
    1.53               -150.00
    1.56               -148.00
    1.59               -146.00
    1.62               -144.00
    1.65               -151.00
    1.68               -138.00
    1.71               -129.00
    1.74               -125.00
    1.77               -126.00
    1.80               -134.00
    1.83               -135.00
    1.86               -133.00
    1.89               -133.00
    1.92               -134.00
    1.95               -127.00
    1.98               -127.00
    2.01               -122.00
    2.04               -120.00
    2.07               -124.00
    2.10               -115.00
    2.13               -114.00
    2.16               -108.00
    2.19               -102.00
    2.22               -112.00
    2.25               -108.00
    2.28               -114.00
    2.31               -118.00
    2.34               -105.00
    2.37                -98.00
    2.40                -88.00
    2.43                -85.00
    2.46                -90.00
    2.49                -95.00
    2.52                -94.00
    2.55                -93.00
    2.58                -77.00
    2.61                -74.00
    2.64                -77.00
    2.67                -67.00
    2.70                -76.00
    2.73                -80.00
    2.76                -73.00
    2.79                -77.00
    2.82                -70.00
    2.85                -76.00
    2.88                -72.00
    2.91                -53.00
    2.94                -54.00
    2.97                -52.00
    3.00                -55.00
    3.03                -69.00
    3.06                -72.00
    3.09                -67.00
    3.12                -68.00
    3.15                -65.00
    3.18                -62.00
    3.21                -69.00
    3.24                -70.00
    3.27                -67.00
    3.30                -62.00
    3.33                -56.00
    3.36                -59.00
    3.39                -53.00
    3.42                -54.00
    3.45                -55.00
    3.48                -47.00
    3.51                -53.00
    3.54                -46.00
    3.57                -34.00
    3.60                -36.00
    3.63                -39.00
    3.66                -37.00
    3.69                -36.00
    3.72                -34.00
    3.75                -36.00
    3.78                -37.00
    3.81                -33.00
    3.84                -34.00
    3.87                -50.00
    3.90                -55.00
    3.93                -58.00
    3.96                -45.00
    3.99                -35.00
    4.02                -44.00
    4.05                -35.00
    4.08                -40.00
    4.11                -38.00
    4.14                -32.00
    4.17                -35.00
    4.20                -24.00
    4.23                -17.00
    4.26                -24.00
    4.29                -16.00
    4.32                -21.00
    4.35                -26.00
    4.38                -15.00
    4.41                -12.00
    4.44                -19.00
    4.47                -21.00
    4.50                -21.00
    4.53                -18.00
    4.56                -14.00
    4.59                -18.00
    4.62                -19.00
    4.65                -17.00
    4.68                -24.00
    4.71                -12.00
    4.74                -17.00
    4.77                -10.00
    4.80                 -7.00
    4.83                -17.00
    4.86                -14.00
    4.89                -14.00
    4.92                -15.00
    4.95                -12.00
    4.98                 -8.00
    5.01                 -8.00
    5.04                 -3.00
    5.07                -10.00
    5.10                 -6.00
    5.13                  3.00
    5.16                 -2.00
    5.19                  1.00
    5.22                  2.00
    5.25                  2.00
    5.28                 12.00
    5.31                  9.00
    5.34                  7.00
    5.37                  9.00
    5.40                 -3.00
    5.43                  5.00
    5.46                 11.00
    5.49                  5.00
    5.52                  0.00
    5.55                  0.00
    5.58                  4.00
    5.61                 12.00
    5.64                  9.00
    5.67                  4.00
    5.70                  1.00
    5.73                 -5.00
    5.76                 -7.00
    5.79                  1.00
    5.82                  1.00
    5.85                  8.00
    5.88                 -4.00
    5.91                 -4.00
    5.94                  8.00
    5.97                 -3.00
    6.00                  7.00
    6.03                  7.00
    6.06                  0.00
    6.09                 12.00
    6.12                  3.00
    6.15                  0.00
    6.18                 -1.00
    6.21                 -6.00
    6.24                 -5.00
    6.27                 -4.00
    6.30                 -4.00
    6.33                  0.00
    6.36                 -6.00
    6.39                -13.00
    6.42                 -6.00
    6.45                 -5.00
    6.48                -11.00
    6.51                 -9.00
    6.54                -20.00
    6.57                -19.00
    6.60                 -3.00
    6.63                 -6.00
    6.66                  9.00
    6.69                  5.00
    6.72                  0.00
    6.75                  7.00
    6.78                  5.00
    6.81                  2.00
    6.84                  9.00
    6.87                 10.00
    6.90                 10.00
    6.93                 12.00
    6.96                  0.00
    6.99                 -2.00
    7.02                -11.00
    7.05                -20.00
    7.08                 -4.00
    7.11                -12.00
    7.14                -16.00
    7.17                 -5.00
    7.20                 -4.00
    7.23                  0.00
    7.26                 -7.00
    7.29                -11.00
    7.32                  4.00
    7.35                  3.00
    7.38                  3.00
    7.41                  6.00
    7.44                  0.00
    7.47                 -4.00
    7.50                 -6.00

