   -2.50                171.00
   -2.49                 74.00
   -2.48                 12.00
   -2.47                -16.00
   -2.46                -26.00
   -2.45                -26.00
   -2.44                -20.00
   -2.43                -13.00
   -2.42                 -6.00
   -2.41                 -1.00
   -2.40                  1.00
   -2.39                  2.00
   -2.38                  0.00
   -2.37                  0.00
   -2.36                  3.00
   -2.35                  4.00
   -2.34                  5.00
   -2.33                  4.00
   -2.32                  2.00
   -2.31                  2.00
   -2.30                  1.00
   -2.29                  0.00
   -2.28                  1.00
   -2.27                  1.00
   -2.26                  1.00
   -2.25                  2.00
   -2.24                  4.00
   -2.23                  5.00
   -2.22                  5.00
   -2.21                  3.00
   -2.20                  4.00
   -2.19                  4.00
   -2.18                  3.00
   -2.17                  4.00
   -2.16                  4.00
   -2.15                  1.00
   -2.14                  3.00
   -2.13                  3.00
   -2.12                  3.00
   -2.11                  4.00
   -2.10                  1.00
   -2.09                  0.00
   -2.08                  1.00
   -2.07                  4.00
   -2.06                  4.00
   -2.05                  4.00
   -2.04                  2.00
   -2.03                  4.00
   -2.02                  3.00
   -2.01                  2.00
   -2.00                  3.00
   -1.99                  1.00
   -1.98                  2.00
   -1.97                  5.00
   -1.96                  5.00
   -1.95                  7.00
   -1.94                  5.00
   -1.93                  4.00
   -1.92                  3.00
   -1.91                  2.00
   -1.90                  2.00
   -1.89                  2.00
   -1.88                  2.00
   -1.87                  5.00
   -1.86                  5.00
   -1.85                  4.00
   -1.84                  4.00
   -1.83                  3.00
   -1.82                  2.00
   -1.81                  4.00
   -1.80                  4.00
   -1.79                  4.00
   -1.78                  4.00
   -1.77                  2.00
   -1.76                  2.00
   -1.75                  2.00
   -1.74                  1.00
   -1.73                  2.00
   -1.72                  2.00
   -1.71                  3.00
   -1.70                  3.00
   -1.69                  3.00
   -1.68                  4.00
   -1.67                  4.00
   -1.66                  3.00
   -1.65                  4.00
   -1.64                  4.00
   -1.63                  2.00
   -1.62                  3.00
   -1.61                  5.00
   -1.60                  5.00
   -1.59                  5.00
   -1.58                  3.00
   -1.57                  3.00
   -1.56                  4.00
   -1.55                  3.00
   -1.54                  3.00
   -1.53                  4.00
   -1.52                  3.00
   -1.51                  4.00
   -1.50                  3.00
   -1.49                  2.00
   -1.48                  3.00
   -1.47                  0.00
   -1.46                  0.00
   -1.45                  1.00
   -1.44                  0.00
   -1.43                  2.00
   -1.42                  5.00
   -1.41                  6.00
   -1.40                  8.00
   -1.39                  7.00
   -1.38                  6.00
   -1.37                  5.00
   -1.36                  5.00
   -1.35                  4.00
   -1.34                  4.00
   -1.33                  4.00
   -1.32                  6.00
   -1.31                  4.00
   -1.30                  2.00
   -1.29                  2.00
   -1.28                  0.00
   -1.27                 -1.00
   -1.26                  0.00
   -1.25                  1.00
   -1.24                  2.00
   -1.23                  3.00
   -1.22                  3.00
   -1.21                  5.00
   -1.20                  5.00
   -1.19                  2.00
   -1.18                  1.00
   -1.17                  0.00
   -1.16                  1.00
   -1.15                  2.00
   -1.14                  2.00
   -1.13                  3.00
   -1.12                  4.00
   -1.11                  3.00
   -1.10                  5.00
   -1.09                  4.00
   -1.08                  1.00
   -1.07                  1.00
   -1.06                  0.00
   -1.05                  0.00
   -1.04                  1.00
   -1.03                  1.00
   -1.02                  1.00
   -1.01                  2.00
   -1.00                  0.00
   -0.99                  0.00
   -0.98                  0.00
   -0.97                 -1.00
   -0.96                  1.00
   -0.95                  0.00
   -0.94                  0.00
   -0.93                  0.00
   -0.92                 -2.00
   -0.91                 -3.00
   -0.90                 -3.00
   -0.89                 -4.00
   -0.88                 -1.00
   -0.87                  0.00
   -0.86                  0.00
   -0.85                  1.00
   -0.84                  3.00
   -0.83                  7.00
   -0.82                 12.00
   -0.81                 16.00
   -0.80                 23.00
   -0.79                 40.00
   -0.78                 60.00
   -0.77                 93.00
   -0.76                146.00
   -0.75                204.00
   -0.74                279.00
   -0.73                354.00
   -0.72                408.00
   -0.71                451.00
   -0.70                475.00
   -0.69                480.00
   -0.68                471.00
   -0.67                465.00
   -0.66                455.00
   -0.65                452.00
   -0.64                437.00
   -0.63                421.00
   -0.62                398.00
   -0.61                375.00
   -0.60                370.00
   -0.59                369.00
   -0.58                362.00
   -0.57                357.00
   -0.56                358.00
   -0.55                356.00
   -0.54                363.00
   -0.53                356.00
   -0.52                346.00
   -0.51                346.00
   -0.50                339.00
   -0.49                335.00
   -0.48                330.00
   -0.47                329.00
   -0.46                337.00
   -0.45                340.00
   -0.44                339.00
   -0.43                345.00
   -0.42                344.00
   -0.41                335.00
   -0.40                323.00
   -0.39                309.00
   -0.38                294.00
   -0.37                283.00
   -0.36                280.00
   -0.35                279.00
   -0.34                284.00
   -0.33                292.00
   -0.32                291.00
   -0.31                293.00
   -0.30                291.00
   -0.29                280.00
   -0.28                271.00
   -0.27                260.00
   -0.26                256.00
   -0.25                250.00
   -0.24                249.00
   -0.23                249.00
   -0.22                243.00
   -0.21                238.00
   -0.20                232.00
   -0.19                222.00
   -0.18                215.00
   -0.17                212.00
   -0.16                208.00
   -0.15                207.00
   -0.14                205.00
   -0.13                198.00
   -0.12                192.00
   -0.11                178.00
   -0.10                165.00
   -0.09                155.00
   -0.08                151.00
   -0.07                154.00
   -0.06                164.00
   -0.05                172.00
   -0.04                175.00
   -0.03                177.00
   -0.02                176.00
   -0.01                176.00
    0.00                175.00
    0.01                168.00
    0.02                161.00
    0.03                150.00
    0.04                135.00
    0.05                121.00
    0.06                107.00
    0.07                 94.00
    0.08                 85.00
    0.09                 79.00
    0.10                 73.00
    0.11                 76.00
    0.12                 77.00
    0.13                 79.00
    0.14                 79.00
    0.15                 82.00
    0.16                 86.00
    0.17                 91.00
    0.18                 93.00
    0.19                 91.00
    0.20                 85.00
    0.21                 79.00
    0.22                 76.00
    0.23                 66.00
    0.24                 57.00
    0.25                 45.00
    0.26                 29.00
    0.27                 16.00
    0.28                 10.00
    0.29                  8.00
    0.30                  7.00
    0.31                  8.00
    0.32                  7.00
    0.33                  6.00
    0.34                  4.00
    0.35                  7.00
    0.36                  9.00
    0.37                 14.00
    0.38                 18.00
    0.39                 17.00
    0.40                 15.00
    0.41                  9.00
    0.42                  1.00
    0.43                 -6.00
    0.44                -16.00
    0.45                -24.00
    0.46                -31.00
    0.47                -41.00
    0.48                -48.00
    0.49                -54.00
    0.50                -64.00
    0.51                -71.00
    0.52                -75.00
    0.53                -80.00
    0.54                -83.00
    0.55                -86.00
    0.56                -90.00
    0.57                -90.00
    0.58                -94.00
    0.59                -96.00
    0.60                -93.00
    0.61                -93.00
    0.62                -93.00
    0.63                -96.00
    0.64               -101.00
    0.65               -104.00
    0.66               -112.00
    0.67               -117.00
    0.68               -119.00
    0.69               -123.00
    0.70               -126.00
    0.71               -126.00
    0.72               -128.00
    0.73               -126.00
    0.74               -127.00
    0.75               -125.00
    0.76               -124.00
    0.77               -127.00
    0.78               -133.00
    0.79               -134.00
    0.80               -139.00
    0.81               -145.00
    0.82               -151.00
    0.83               -159.00
    0.84               -167.00
    0.85               -175.00
    0.86               -182.00
    0.87               -189.00
    0.88               -197.00
    0.89               -202.00
    0.90               -205.00
    0.91               -213.00
    0.92               -214.00
    0.93               -213.00
    0.94               -215.00
    0.95               -217.00
    0.96               -219.00
    0.97               -224.00
    0.98               -228.00
    0.99               -233.00
    1.00               -235.00
    1.01               -237.00
    1.02               -245.00
    1.03               -254.00
    1.04               -264.00
    1.05               -283.00
    1.06               -295.00
    1.07               -298.00
    1.08               -311.00
    1.09               -316.00
    1.10               -321.00
    1.11               -320.00
    1.12               -315.00
    1.13               -317.00
    1.14               -319.00
    1.15               -315.00
    1.16               -317.00
    1.17               -320.00
    1.18               -319.00
    1.19               -321.00
    1.20               -320.00
    1.21               -316.00
    1.22               -324.00
    1.23               -334.00
    1.24               -347.00
    1.25               -351.00
    1.26               -350.00
    1.27               -351.00
    1.28               -358.00
    1.29               -366.00
    1.30               -369.00
    1.31               -367.00
    1.32               -360.00
    1.33               -355.00
    1.34               -356.00
    1.35               -369.00
    1.36               -391.00
    1.37               -407.00
    1.38               -431.00
    1.39               -445.00
    1.40               -451.00
    1.41               -447.00
    1.42               -431.00
    1.43               -400.00
    1.44               -364.00
    1.45               -317.00
    1.46               -262.00
    1.47               -206.00
    1.48               -153.00
    1.49               -104.00
    1.50                -62.00
    1.51                -36.00
    1.52                -16.00
    1.53                 -5.00
    1.54                  2.00
    1.55                 10.00
    1.56                 12.00
    1.57                 14.00
    1.58                 17.00
    1.59                 15.00
    1.60                 14.00
    1.61                 16.00
    1.62                 14.00
    1.63                 13.00
    1.64                 12.00
    1.65                 14.00
    1.66                 15.00
    1.67                 15.00
    1.68                 16.00
    1.69                 15.00
    1.70                 13.00
    1.71                 13.00
    1.72                 12.00
    1.73                 11.00
    1.74                 11.00
    1.75                 11.00
    1.76                 11.00
    1.77                 11.00
    1.78                  9.00
    1.79                  8.00
    1.80                  8.00
    1.81                  6.00
    1.82                  7.00
    1.83                  8.00
    1.84                  7.00
    1.85                  8.00
    1.86                  6.00
    1.87                  6.00
    1.88                  7.00
    1.89                  6.00
    1.90                  5.00
    1.91                  5.00
    1.92                  1.00
    1.93                  2.00
    1.94                  2.00
    1.95                  3.00
    1.96                  4.00
    1.97                  3.00
    1.98                  2.00
    1.99                  2.00
    2.00                  0.00
    2.01                  3.00
    2.02                  5.00
    2.03                  4.00
    2.04                  4.00
    2.05                  3.00
    2.06                  4.00
    2.07                  4.00
    2.08                  2.00
    2.09                  2.00
    2.10                  2.00
    2.11                  0.00
    2.12                  1.00
    2.13                  1.00
    2.14                  0.00
    2.15                  2.00
    2.16                  1.00
    2.17                  0.00
    2.18                  0.00
    2.19                 -1.00
    2.20                  0.00
    2.21                  2.00
    2.22                  1.00
    2.23                  2.00
    2.24                  3.00
    2.25                  2.00
    2.26                  3.00
    2.27                  4.00
    2.28                  4.00
    2.29                  2.00
    2.30                  0.00
    2.31                  0.00
    2.32                  3.00
    2.33                  5.00
    2.34                  6.00
    2.35                  4.00
    2.36                  2.00
    2.37                  2.00
    2.38                  2.00
    2.39                  2.00
    2.40                  0.00
    2.41                  1.00
    2.42                  6.00
    2.43                  8.00
    2.44                  7.00
    2.45                  6.00
    2.46                  4.00
    2.47                  3.00
    2.48                  2.00
    2.49                  0.00
    2.50                  0.00

