   -1.00                -38.00
   -1.00                -40.00
   -0.99                -34.00
   -0.99                -25.00
   -0.98                -18.00
   -0.98                -12.00
   -0.98                 -9.00
   -0.97                 -7.00
   -0.97                 -6.00
   -0.96                 -6.00
   -0.96                 -6.00
   -0.96                 -6.00
   -0.95                 -6.00
   -0.95                 -7.00
   -0.94                 -6.00
   -0.94                 -5.00
   -0.94                 -5.00
   -0.93                 -5.00
   -0.93                 -6.00
   -0.92                 -6.00
   -0.92                 -7.00
   -0.92                 -7.00
   -0.91                 -7.00
   -0.91                 -7.00
   -0.90                 -6.00
   -0.90                 -6.00
   -0.90                 -6.00
   -0.89                 -6.00
   -0.89                 -6.00
   -0.88                 -7.00
   -0.88                 -7.00
   -0.88                 -7.00
   -0.87                 -7.00
   -0.87                 -7.00
   -0.86                 -7.00
   -0.86                 -7.00
   -0.86                 -7.00
   -0.85                 -7.00
   -0.85                 -7.00
   -0.84                 -7.00
   -0.84                 -7.00
   -0.84                 -7.00
   -0.83                 -8.00
   -0.83                 -8.00
   -0.82                 -8.00
   -0.82                 -7.00
   -0.82                 -7.00
   -0.81                 -8.00
   -0.81                 -9.00
   -0.80                 -9.00
   -0.80                 -9.00
   -0.80                 -9.00
   -0.79                 -9.00
   -0.79                 -9.00
   -0.78                 -9.00
   -0.78                 -8.00
   -0.78                 -9.00
   -0.77                -10.00
   -0.77                -10.00
   -0.76                -10.00
   -0.76                -10.00
   -0.76                -10.00
   -0.75                -10.00
   -0.75                -10.00
   -0.74                 -9.00
   -0.74                 -9.00
   -0.74                 -9.00
   -0.73                -10.00
   -0.73                -10.00
   -0.72                -10.00
   -0.72                -11.00
   -0.72                -11.00
   -0.71                -11.00
   -0.71                -11.00
   -0.70                -12.00
   -0.70                -14.00
   -0.70                -13.00
   -0.69                -13.00
   -0.69                -13.00
   -0.68                -12.00
   -0.68                -12.00
   -0.68                -12.00
   -0.67                -13.00
   -0.67                -13.00
   -0.66                -13.00
   -0.66                -12.00
   -0.66                -14.00
   -0.65                -15.00
   -0.65                -15.00
   -0.64                -15.00
   -0.64                -15.00
   -0.64                -16.00
   -0.63                -16.00
   -0.63                -15.00
   -0.62                -16.00
   -0.62                -16.00
   -0.62                -16.00
   -0.61                -17.00
   -0.61                -17.00
   -0.60                -17.00
   -0.60                -16.00
   -0.60                -17.00
   -0.59                -17.00
   -0.59                -17.00
   -0.58                -18.00
   -0.58                -18.00
   -0.58                -19.00
   -0.57                -20.00
   -0.57                -20.00
   -0.56                -20.00
   -0.56                -20.00
   -0.56                -20.00
   -0.55                -21.00
   -0.55                -22.00
   -0.54                -23.00
   -0.54                -23.00
   -0.54                -24.00
   -0.53                -23.00
   -0.53                -24.00
   -0.52                -24.00
   -0.52                -25.00
   -0.52                -26.00
   -0.51                -27.00
   -0.51                -28.00
   -0.50                -28.00
   -0.50                -28.00
   -0.50                -29.00
   -0.49                -29.00
   -0.49                -29.00
   -0.48                -30.00
   -0.48                -30.00
   -0.48                -31.00
   -0.47                -32.00
   -0.47                -32.00
   -0.46                -33.00
   -0.46                -35.00
   -0.46                -35.00
   -0.45                -36.00
   -0.45                -37.00
   -0.44                -38.00
   -0.44                -39.00
   -0.44                -40.00
   -0.43                -41.00
   -0.43                -43.00
   -0.42                -43.00
   -0.42                -45.00
   -0.42                -45.00
   -0.41                -45.00
   -0.41                -47.00
   -0.40                -49.00
   -0.40                -51.00
   -0.40                -53.00
   -0.39                -54.00
   -0.39                -56.00
   -0.38                -58.00
   -0.38                -58.00
   -0.38                -60.00
   -0.37                -61.00
   -0.37                -63.00
   -0.36                -65.00
   -0.36                -66.00
   -0.36                -69.00
   -0.35                -71.00
   -0.35                -72.00
   -0.34                -74.00
   -0.34                -76.00
   -0.34                -77.00
   -0.33                -81.00
   -0.33                -83.00
   -0.32                -86.00
   -0.32                -89.00
   -0.32                -91.00
   -0.31                -95.00
   -0.31                -97.00
   -0.30                -99.00
   -0.30               -103.00
   -0.30               -105.00
   -0.29               -109.00
   -0.29               -114.00
   -0.28               -115.00
   -0.28               -119.00
   -0.28               -121.00
   -0.27               -125.00
   -0.27               -130.00
   -0.26               -133.00
   -0.26               -137.00
   -0.26               -141.00
   -0.25               -143.00
   -0.25               -148.00
   -0.24               -152.00
   -0.24               -156.00
   -0.24               -162.00
   -0.23               -164.00
   -0.23               -167.00
   -0.22               -171.00
   -0.22               -173.00
   -0.22               -177.00
   -0.21               -181.00
   -0.21               -183.00
   -0.20               -188.00
   -0.20               -189.00
   -0.20               -190.00
   -0.19               -194.00
   -0.19               -193.00
   -0.18               -196.00
   -0.18               -197.00
   -0.18               -198.00
   -0.17               -201.00
   -0.17               -202.00
   -0.16               -201.00
   -0.16               -202.00
   -0.16               -199.00
   -0.15               -199.00
   -0.15               -198.00
   -0.14               -195.00
   -0.14               -194.00
   -0.14               -193.00
   -0.13               -190.00
   -0.13               -188.00
   -0.12               -183.00
   -0.12               -179.00
   -0.12               -175.00
   -0.11               -171.00
   -0.11               -166.00
   -0.10               -162.00
   -0.10               -157.00
   -0.10               -152.00
   -0.09               -146.00
   -0.09               -139.00
   -0.08               -133.00
   -0.08               -127.00
   -0.08               -120.00
   -0.07               -112.00
   -0.07               -105.00
   -0.06                -97.00
   -0.06                -90.00
   -0.06                -83.00
   -0.05                -77.00
   -0.05                -70.00
   -0.04                -63.00
   -0.04                -56.00
   -0.04                -47.00
   -0.03                -37.00
   -0.03                -29.00
   -0.02                -22.00
   -0.02                -15.00
   -0.02                 -8.00
   -0.01                 -1.00
   -0.01                  6.00
   -0.00                 14.00
    0.00                 22.00
    0.00                 31.00
    0.01                 39.00
    0.01                 47.00
    0.02                 53.00
    0.02                 60.00
    0.02                 67.00
    0.03                 75.00
    0.03                 82.00
    0.04                 90.00
    0.04                 96.00
    0.04                103.00
    0.05                111.00
    0.05                118.00
    0.06                125.00
    0.06                131.00
    0.06                136.00
    0.07                141.00
    0.07                146.00
    0.08                153.00
    0.08                158.00
    0.08                162.00
    0.09                168.00
    0.09                172.00
    0.10                175.00
    0.10                179.00
    0.10                181.00
    0.11                185.00
    0.11                188.00
    0.12                189.00
    0.12                193.00
    0.12                194.00
    0.13                195.00
    0.13                197.00
    0.14                196.00
    0.14                196.00
    0.14                195.00
    0.15                192.00
    0.15                192.00
    0.16                191.00
    0.16                189.00
    0.16                188.00
    0.17                185.00
    0.17                184.00
    0.18                182.00
    0.18                178.00
    0.18                176.00
    0.19                172.00
    0.19                167.00
    0.20                166.00
    0.20                161.00
    0.20                159.00
    0.21                157.00
    0.21                153.00
    0.22                150.00
    0.22                146.00
    0.22                141.00
    0.23                139.00
    0.23                134.00
    0.24                130.00
    0.24                127.00
    0.24                122.00
    0.25                119.00
    0.25                115.00
    0.26                111.00
    0.26                109.00
    0.26                106.00
    0.27                102.00
    0.27                100.00
    0.28                 97.00
    0.28                 94.00
    0.28                 92.00
    0.29                 88.00
    0.29                 85.00
    0.30                 82.00
    0.30                 79.00
    0.30                 78.00
    0.31                 75.00
    0.31                 73.00
    0.32                 70.00
    0.32                 67.00
    0.32                 65.00
    0.33                 64.00
    0.33                 61.00
    0.34                 59.00
    0.34                 57.00
    0.34                 56.00
    0.35                 55.00
    0.35                 54.00
    0.36                 53.00
    0.36                 51.00
    0.36                 49.00
    0.37                 48.00
    0.37                 46.00
    0.38                 44.00
    0.38                 43.00
    0.38                 42.00
    0.39                 42.00
    0.39                 41.00
    0.40                 39.00
    0.40                 38.00
    0.40                 36.00
    0.41                 35.00
    0.41                 34.00
    0.42                 33.00
    0.42                 32.00
    0.42                 32.00
    0.43                 31.00
    0.43                 31.00
    0.44                 29.00
    0.44                 28.00
    0.44                 27.00
    0.45                 26.00
    0.45                 25.00
    0.46                 24.00
    0.46                 23.00
    0.46                 22.00
    0.47                 22.00
    0.47                 21.00
    0.48                 21.00
    0.48                 21.00
    0.48                 20.00
    0.49                 20.00
    0.49                 18.00
    0.50                 17.00
    0.50                 17.00
    0.50                 17.00
    0.51                 17.00
    0.51                 17.00
    0.52                 16.00
    0.52                 16.00
    0.52                 15.00
    0.53                 14.00
    0.53                 14.00
    0.54                 14.00
    0.54                 14.00
    0.54                 14.00
    0.55                 13.00
    0.55                 13.00
    0.56                 12.00
    0.56                 11.00
    0.56                 11.00
    0.57                 11.00
    0.57                 11.00
    0.58                 11.00
    0.58                 11.00
    0.58                 12.00
    0.59                 12.00
    0.59                 11.00
    0.60                 11.00
    0.60                 10.00
    0.60                 10.00
    0.61                 10.00
    0.61                  9.00
    0.62                  9.00
    0.62                  9.00
    0.62                  8.00
    0.63                  9.00
    0.63                  8.00
    0.64                  8.00
    0.64                  7.00
    0.64                  7.00
    0.65                  7.00
    0.65                  7.00
    0.66                  6.00
    0.66                  6.00
    0.66                  6.00
    0.67                  6.00
    0.67                  6.00
    0.68                  5.00
    0.68                  5.00
    0.68                  4.00
    0.69                  5.00
    0.69                  5.00
    0.70                  5.00
    0.70                  7.00
    0.70                  6.00
    0.71                  6.00
    0.71                  7.00
    0.72                  6.00
    0.72                  5.00
    0.72                  4.00
    0.73                  4.00
    0.73                  4.00
    0.74                  4.00
    0.74                  4.00
    0.74                  4.00
    0.75                  4.00
    0.75                  3.00
    0.76                  4.00
    0.76                  4.00
    0.76                  4.00
    0.77                  5.00
    0.77                  5.00
    0.78                  4.00
    0.78                  4.00
    0.78                  4.00
    0.79                  3.00
    0.79                  2.00
    0.80                  2.00
    0.80                  2.00
    0.80                  2.00
    0.81                  2.00
    0.81                  1.00
    0.82                  1.00
    0.82                  2.00
    0.82                  2.00
    0.83                  3.00
    0.83                  3.00
    0.84                  2.00
    0.84                  1.00
    0.84                  1.00
    0.85                  1.00
    0.85                  2.00
    0.86                  2.00
    0.86                  1.00
    0.86                  1.00
    0.87                  0.00
    0.87                  0.00
    0.88                  0.00
    0.88                  0.00
    0.88                  0.00
    0.89                  0.00
    0.89                  0.00
    0.90                  0.00
    0.90                  1.00
    0.90                  1.00
    0.91                  1.00
    0.91                  0.00
    0.92                  1.00
    0.92                  1.00
    0.92                  1.00
    0.93                  1.00
    0.93                  1.00
    0.94                  1.00
    0.94                  1.00
    0.94                  0.00
    0.95                  0.00
    0.95                  0.00
    0.96                  0.00
    0.96                  0.00
    0.96                  0.00
    0.97                  0.00
    0.97                  0.00
    0.98                  0.00
    0.98                  0.00
    0.98                  0.00
    0.99                  1.00
    0.99                  1.00
    1.00                  0.00
    1.00                  0.00

