40000 1490587141
40000 1490587142
440 1490587143
40024 1490587143
40016 1490587144
1320 1490587145
40012 1490587145
40014 1490587146
4040 1490587147
40015 1490587147
40013 1490587148
40014 1490587149
40008 1490587150
40015 1490587151
40017 1490587152
3080 1490587153
40016 1490587153
40009 1490587154
40017 1490587155
40015 1490587156
4360 1490587157
40009 1490587157
40014 1490587158
40016 1490587159
40024 1490587160
40017 1490587161
40012 1490587162
40014 1490587163
40016 1490587164
40021 1490587165
40013 1490587166
40016 1490587167
40019 1490587168
40012 1490587169
40010 1490587170
40017 1490587171
40011 1490587172
40017 1490587173
40016 1490587174
2060 1490587175
40019 1490587175
40019 1490587176
40010 1490587177
40021 1490587178
40017 1490587179
40016 1490587180
40015 1490587181
40017 1490587182
40010 1490587183
40025 1490587184
40018 1490587185
40013 1490587186
40010 1490587187
40020 1490587188
40011 1490587189
40015 1490587190
40010 1490587191
40019 1490587192
40015 1490587194
40016 1490587195
40013 1490587196
40012 1490587197
40015 1490587198
40016 1490587199
40014 1490587200
40018 1490587201
40023 1490587202
40018 1490587203
40015 1490587204
40014 1490587205
40010 1490587206
40015 1490587207
40021 1490587208
40008 1490587209
40016 1490587210
40020 1490587211
40013 1490587212
40020 1490587213
40010 1490587214
40010 1490587215
40018 1490587216
40017 1490587217
40019 1490587218
40014 1490587219
40013 1490587220
40017 1490587221
40011 1490587222
40014 1490587223
40014 1490587224
40013 1490587225
40020 1490587226
40010 1490587227
40012 1490587228
40014 1490587229
40015 1490587230
940 1490587230
40012 1490587231
3040 1490587231
40012 1490587232
1820 1490587232
40019 1490587233
40011 1490587234
40008 1490587235
40010 1490587236
40014 1490587237
40018 1490587238
40018 1490587239
40017 1490587240
40019 1490587241
40013 1490587242
40018 1490587243
1580 1490587243
40018 1490587244
40021 1490587245
40010 1490587246
40016 1490587247
40018 1490587248
40013 1490587249
40010 1490587250
40015 1490587251
40014 1490587252
40014 1490587253
440 1490587253
40016 1490587254
40016 1490587255
40016 1490587256
40011 1490587257
40016 1490587258
40013 1490587259
40010 1490587260
40021 1490587261
40019 1490587262
40017 1490587263
40014 1490587264
40010 1490587265
40011 1490587266
40013 1490587267
40011 1490587268
40015 1490587269
40018 1490587270
40021 1490587271
40016 1490587272
40016 1490587273
180 1490587273
40018 1490587274
40012 1490587275
40012 1490587276
40015 1490587277
40023 1490587278
40023 1490587279
40015 1490587280
40020 1490587281
40014 1490587282
40014 1490587283
40014 1490587284
40010 1490587285
40015 1490587286
40013 1490587287
3340 1490587287
40012 1490587288
40008 1490587289
40009 1490587290
40011 1490587291
40017 1490587292
40010 1490587293
40014 1490587294
40010 1490587295
40014 1490587296
40012 1490587297
40016 1490587298
40013 1490587299
40018 1490587300
40013 1490587301
40009 1490587302
40011 1490587303
40020 1490587304
40006 1490587305
40008 1490587306
40015 1490587307
40013 1490587308
40016 1490587309
40013 1490587310
40020 1490587311
40015 1490587312
40011 1490587313
40009 1490587314
40023 1490587315
40011 1490587316
40017 1490587317
40015 1490587318
40019 1490587319
40016 1490587320
40018 1490587321
40016 1490587322
40012 1490587323
40015 1490587324
40013 1490587325
40019 1490587326
40016 1490587327
40006 1490587328
40019 1490587329
40013 1490587330
40013 1490587331
40013 1490587332
40011 1490587333
40015 1490587334
40020 1490587335
40013 1490587336
40019 1490587337
40015 1490587338
40017 1490587339
40013 1490587340
40023 1490587341
40016 1490587342
3960 1490587342
40014 1490587343
40009 1490587344
40011 1490587345
820 1490587345
40021 1490587346
40018 1490587347
40018 1490587348
160 1490587348
40012 1490587349
40018 1490587350
40019 1490587351
40020 1490587352
40021 1490587353
40014 1490587354
40013 1490587355
9460 1490587356
40022 1490587356
40016 1490587357
40018 1490587358
40019 1490587359
40016 1490587360
40023 1490587361
40012 1490587362
40011 1490587363
40020 1490587364
40023 1490587365
40012 1490587366
40015 1490587367
4040 1490587367
2760 1490587367
40028 1490587368
40018 1490587369
40016 1490587370
40012 1490587371
40008 1490587372
40019 1490587373
940 1490587373
40012 1490587374
40017 1490587375
40009 1490587376
40014 1490587377
40017 1490587378
40012 1490587379
5640 1490587379
40017 1490587380
40016 1490587381
40012 1490587382
40019 1490587383
40008 1490587384
40019 1490587385
40010 1490587386
40018 1490587387
40017 1490587388
40011 1490587389
40019 1490587390
40027 1490587391
40016 1490587392
40018 1490587393
40014 1490587394
40010 1490587395
40013 1490587396
40012 1490587397
40015 1490587398
40012 1490587399
1980 1490587399
40016 1490587400
40017 1490587401
40012 1490587402
40010 1490587403
40016 1490587404
40014 1490587405
40014 1490587406
40017 1490587407
40012 1490587408
40010 1490587409
40017 1490587410
40017 1490587411
40023 1490587412
40012 1490587413
40020 1490587414
40017 1490587415
40008 1490587416
40016 1490587417
40015 1490587418
40013 1490587419
40019 1490587420
40013 1490587421
40013 1490587422
2780 1490587423
40016 1490587423
40020 1490587424
40016 1490587425
40012 1490587426
40020 1490587427
40014 1490587428
40012 1490587429
40017 1490587430
40013 1490587431
40011 1490587432
3920 1490587433
40016 1490587433
40014 1490587434
40015 1490587435
40012 1490587436
40012 1490587437
1480 1490587437
2600 1490587438
40020 1490587438
40015 1490587439
40012 1490587440
40011 1490587441
40014 1490587442
40015 1490587443
40022 1490587444
40015 1490587445
40021 1490587446
40011 1490587447
40017 1490587448
40011 1490587449
40012 1490587450
40012 1490587451
40019 1490587452
40014 1490587453
160 1490587453
40010 1490587454
40020 1490587455
40013 1490587456
40014 1490587457
280 1490587458
40015 1490587458
40017 1490587459
40007 1490587460
40015 1490587461
40015 1490587462
40014 1490587463
40014 1490587464
40009 1490587465
40018 1490587466
40013 1490587467
40013 1490587468
40016 1490587469
40018 1490587470
40010 1490587471
40017 1490587472
160 1490587472
40021 1490587473
40009 1490587474
40016 1490587475
40008 1490587476
40017 1490587477
40014 1490587478
40013 1490587479
40008 1490587480
40014 1490587481
40016 1490587482
40010 1490587483
40020 1490587484
40016 1490587485
40015 1490587486
40016 1490587487
40020 1490587488
40008 1490587489
2040 1490587489
40016 1490587490
40021 1490587491
40014 1490587492
40013 1490587493
40011 1490587494
40014 1490587495
40010 1490587496
40017 1490587497
40009 1490587498
40014 1490587499
40013 1490587500
40012 1490587501
40013 1490587502
40010 1490587503
40008 1490587504
400 1490587504
40014 1490587505
40013 1490587506
40017 1490587507
40014 1490587508
40027 1490587509
40008 1490587510
40017 1490587511
40019 1490587512
40013 1490587513
40005 1490587514
40012 1490587515
40017 1490587516
40016 1490587517
40011 1490587518
40015 1490587874
40000 1490587875
40000 1490587876
40000 1490587877
40000 1490587878
40000 1490587879
40000 1490587880
40000 1490587881
40000 1490587882
40000 1490587883
40000 1490587884
40000 1490587885
