40000 1490585154
40000 1490585155
40037 1490585156
40012 1490585157
40020 1490585158
1260 1490585158
40024 1490585159
40017 1490585160
180 1490585160
40014 1490585161
40010 1490585162
520 1490585162
40011 1490585163
40016 1490585164
40019 1490585165
40017 1490585166
40009 1490585167
40017 1490585168
40015 1490585169
40020 1490585170
40014 1490585171
40015 1490585172
40017 1490585173
40011 1490585174
40014 1490585175
40018 1490585176
40008 1490585177
40011 1490585178
40016 1490585179
40011 1490585180
40017 1490585181
40013 1490585182
40012 1490585183
40015 1490585184
40007 1490585185
40009 1490585186
40019 1490585187
40017 1490585188
40013 1490585189
40019 1490585190
40011 1490585191
40013 1490585192
40025 1490585193
40010 1490585194
40016 1490585195
640 1490585195
40017 1490585196
40012 1490585197
40012 1490585198
40015 1490585199
40015 1490585200
40011 1490585201
40013 1490585202
40013 1490585203
40015 1490585204
40017 1490585205
40017 1490585206
40019 1490585207
40020 1490585208
40014 1490585209
40010 1490585210
40012 1490585211
40013 1490585212
40018 1490585213
40013 1490585214
160 1490585214
40018 1490585215
40009 1490585216
40011 1490585217
40018 1490585218
40013 1490585219
40019 1490585220
40014 1490585221
40012 1490585222
40010 1490585223
40018 1490585224
1520 1490585224
40019 1490585225
40017 1490585226
40013 1490585227
40020 1490585228
40013 1490585229
40016 1490585230
40020 1490585231
40010 1490585232
40016 1490585233
40019 1490585234
40016 1490585235
40010 1490585236
40011 1490585237
40011 1490585238
40013 1490585239
40016 1490585240
40017 1490585241
40012 1490585242
1600 1490585242
40015 1490585243
40015 1490585244
40021 1490585245
40015 1490585246
40014 1490585247
40012 1490585248
3600 1490585248
40016 1490585249
40012 1490585250
2800 1490585250
40011 1490585251
40018 1490585252
2420 1490585252
40014 1490585253
40013 1490585254
40015 1490585255
40013 1490585256
40021 1490585257
40014 1490585258
40013 1490585259
40021 1490585260
40017 1490585261
40016 1490585262
40016 1490585263
40011 1490585264
40013 1490585265
40016 1490585266
40015 1490585267
40013 1490585268
40014 1490585269
40016 1490585270
40018 1490585271
40015 1490585272
40014 1490585273
1260 1490585273
40013 1490585274
40013 1490585275
40011 1490585276
40017 1490585277
40015 1490585278
40017 1490585279
40010 1490585280
40015 1490585281
40013 1490585282
40016 1490585283
40016 1490585284
40014 1490585285
40014 1490585286
40007 1490585287
40015 1490585288
40016 1490585289
40016 1490585290
40017 1490585291
40014 1490585292
40012 1490585293
40011 1490585294
40013 1490585295
1020 1490585295
40028 1490585296
40017 1490585297
40013 1490585298
40017 1490585299
40017 1490585300
40016 1490585301
40018 1490585302
40016 1490585303
40015 1490585304
40014 1490585305
40019 1490585306
40011 1490585307
40012 1490585308
40012 1490585309
40016 1490585310
40010 1490585311
40013 1490585312
40011 1490585313
40007 1490585314
40023 1490585315
40012 1490585316
40016 1490585317
40009 1490585318
40013 1490585319
40010 1490585320
280 1490585320
40016 1490585321
40022 1490585322
40017 1490585323
40021 1490585324
40015 1490585325
40011 1490585326
40021 1490585327
1180 1490585328
40007 1490585328
40010 1490585329
40012 1490585330
40017 1490585331
40011 1490585332
40014 1490585333
40021 1490585334
40015 1490585335
40015 1490585336
40016 1490585337
40008 1490585338
40009 1490585339
40014 1490585340
40009 1490585341
40014 1490585342
40009 1490585343
780 1490585343
40020 1490585344
40010 1490585345
40013 1490585346
40017 1490585347
40016 1490585348
40011 1490585349
40012 1490585350
40017 1490585351
40014 1490585352
40019 1490585353
9200 1490585353
40019 1490585354
40021 1490585355
40012 1490585356
40009 1490585357
40016 1490585358
40016 1490585359
40009 1490585360
40015 1490585361
40011 1490585362
40025 1490585363
40014 1490585364
40020 1490585365
40013 1490585366
40015 1490585367
40011 1490585368
40012 1490585369
40016 1490585370
40014 1490585371
40013 1490585372
40022 1490585373
720 1490585374
40015 1490585374
40016 1490585375
40018 1490585376
40016 1490585377
40016 1490585378
40007 1490585379
40013 1490585380
40012 1490585381
40014 1490585382
40015 1490585383
40010 1490585384
40017 1490585385
40013 1490585386
40014 1490585387
40012 1490585388
40020 1490585389
40018 1490585390
40016 1490585391
40014 1490585392
40016 1490585393
40010 1490585394
40021 1490585395
40011 1490585396
40013 1490585397
40017 1490585398
40012 1490585399
40019 1490585400
40015 1490585401
40015 1490585402
40015 1490585403
40016 1490585404
40016 1490585405
40020 1490585406
40009 1490585407
40009 1490585408
40015 1490585409
40013 1490585410
40012 1490585411
40012 1490585412
40017 1490585413
40014 1490585414
40017 1490585415
40012 1490585416
40012 1490585417
40009 1490585418
40014 1490585419
160 1490585419
40014 1490585420
40010 1490585421
40014 1490585422
40008 1490585423
40013 1490585424
40013 1490585425
40010 1490585426
40016 1490585427
40009 1490585428
40009 1490585429
40016 1490585430
40012 1490585431
300 1490585432
40011 1490585432
40008 1490585433
40020 1490585434
40011 1490585435
40017 1490585436
40020 1490585437
40018 1490585438
40014 1490585439
960 1490585439
40012 1490585440
40016 1490585441
40015 1490585442
40011 1490585443
40019 1490585444
40018 1490585445
40019 1490585446
40011 1490585447
40010 1490585448
40010 1490585449
40013 1490585450
40014 1490585451
40014 1490585452
40012 1490585453
40018 1490585454
40014 1490585455
40018 1490585456
40014 1490585457
40024 1490585458
40014 1490585459
40011 1490585460
40012 1490585461
40020 1490585462
40015 1490585463
40014 1490585464
40010 1490585465
40016 1490585466
40012 1490585467
40019 1490585468
40009 1490585469
40016 1490585470
40014 1490585471
40020 1490585472
40012 1490585473
40013 1490585474
40011 1490585475
40010 1490585476
40013 1490585477
40016 1490585478
40021 1490585479
40015 1490585480
40015 1490585481
40016 1490585482
40012 1490585483
40017 1490585484
1360 1490585484
40014 1490585485
40012 1490585486
40010 1490585487
40015 1490585488
40012 1490585489
1020 1490585489
40021 1490585490
40015 1490585491
40020 1490585492
40009 1490585493
40018 1490585494
40016 1490585495
40017 1490585496
40014 1490585497
40010 1490585498
40022 1490585499
40022 1490585500
40011 1490585501
40023 1490585502
40015 1490585503
40014 1490585504
40011 1490585505
40016 1490585506
5380 1490585507
40016 1490585507
40021 1490585508
40014 1490585509
40011 1490585510
40010 1490585511
40016 1490585512
40012 1490585513
40012 1490585514
160 1490585514
40017 1490585515
40014 1490585516
700 1490585517
40018 1490585517
40015 1490585518
40011 1490585519
40014 1490585520
40013 1490585521
40011 1490585522
40013 1490585523
40013 1490585524
1840 1490585525
40023 1490585525
40016 1490585526
40015 1490585527
40016 1490585528
40014 1490585529
40020 1490585530
40016 1490585531
40015 1490585532
40014 1490585533
40013 1490585534
40016 1490585535
40011 1490585536
40008 1490585537
40015 1490585538
40010 1490585539
40017 1490585540
40017 1490585541
40014 1490585542
40015 1490585543
40014 1490585544
40017 1490585545
40012 1490585546
40019 1490585547
40009 1490585548
40017 1490585549
40016 1490585550
40011 1490585551
40011 1490585552
40015 1490585553
40014 1490585554
40018 1490585555
40012 1490585556
40011 1490585557
40021 1490585558
40014 1490585559
40021 1490585560
40015 1490585561
40017 1490585562
40016 1490585563
40017 1490585564
40018 1490585565
40008 1490585566
40013 1490585567
40011 1490585568
40014 1490585569
40013 1490585570
40013 1490585571
40013 1490585572
40016 1490585573
40017 1490585574
40012 1490585575
40017 1490585576
40012 1490585577
40015 1490585578
40020 1490585579
40013 1490585580
40013 1490585581
40007 1490585582
40013 1490585583
40022 1490585584
40017 1490585585
40013 1490585586
40017 1490585587
40015 1490585588
40019 1490585589
40017 1490585590
40011 1490585591
40016 1490585592
40013 1490585593
40018 1490585594
40015 1490585595
2460 1490585596
40020 1490585596
2280 1490585597
40014 1490585597
40015 1490585598
3880 1490585599
40017 1490585599
40010 1490585600
40016 1490585601
40014 1490585602
40016 1490585603
40018 1490585604
40015 1490585605
40014 1490585606
40016 1490585607
40019 1490585608
40014 1490585609
40012 1490585610
40015 1490585611
40015 1490585612
40016 1490585613
40009 1490585614
40008 1490585615
40010 1490585616
40011 1490585617
40015 1490585618
40011 1490585619
40009 1490585620
40013 1490585621
40019 1490585622
40018 1490585623
40015 1490585624
40013 1490585625
40019 1490585626
40014 1490585627
40012 1490585628
40018 1490585629
40012 1490585630
40020 1490585631
40023 1490585632
40015 1490585633
40016 1490585634
40018 1490585635
40012 1490585636
40009 1490585637
40010 1490585638
40016 1490585639
40013 1490585640
40009 1490585641
40020 1490585642
1340 1490585643
40016 1490585643
40010 1490585644
420 1490585645
40015 1490585645
40014 1490585646
40011 1490585647
40018 1490585648
40014 1490585649
40012 1490585650
40016 1490585651
40019 1490585652
40012 1490585653
40011 1490585654
940 1490585655
40013 1490585655
40013 1490585656
40010 1490585657
40017 1490585658
40016 1490585659
40010 1490585660
40019 1490585661
40015 1490585662
40014 1490585663
40015 1490585664
40010 1490585665
40014 1490585666
40018 1490585667
40013 1490585668
40014 1490585669
2820 1490585670
40018 1490585670
40014 1490585671
40015 1490585672
40020 1490585673
40011 1490585674
40014 1490585675
40013 1490585676
2240 1490585677
40015 1490585677
40018 1490585678
40014 1490585679
40017 1490585680
40014 1490585681
40014 1490585682
40011 1490585683
40012 1490585684
40009 1490585685
40016 1490585686
40016 1490585687
40013 1490585688
40020 1490585689
40010 1490585690
40019 1490585691
40020 1490585692
40011 1490585693
40013 1490585694
40010 1490585695
40014 1490585696
3320 1490585697
40017 1490585697
40018 1490585698
40013 1490585699
40013 1490585700
40012 1490585701
40014 1490585702
40009 1490585703
40017 1490585704
40014 1490585705
40019 1490585706
1160 1490585707
40022 1490585707
40016 1490585708
40016 1490585709
40013 1490585710
4040 1490585711
40014 1490585711
40015 1490585712
40012 1490585713
40014 1490585714
40014 1490585715
40018 1490585716
40018 1490585717
40012 1490585718
40009 1490585719
40012 1490585720
40017 1490585721
40013 1490585722
40012 1490585723
40013 1490585724
40019 1490585725
40012 1490585726
40009 1490585727
40023 1490585728
40017 1490585729
40009 1490585730
40018 1490585731
40019 1490585732
40012 1490585733
40016 1490585734
40017 1490585735
40009 1490585736
2140 1490585737
40018 1490585737
40016 1490585738
10160 1490585739
40016 1490585739
40011 1490585740
40015 1490585741
40018 1490585742
40009 1490585743
40012 1490585744
900 1490585745
40015 1490585745
40012 1490585746
40015 1490585747
2420 1490585748
40014 1490585748
40018 1490585749
40009 1490585750
40016 1490585751
40016 1490585752
40014 1490585753
40009 1490585754
40016 1490585755
40025 1490585756
40017 1490585757
40018 1490585758
40016 1490585759
40010 1490585760
40016 1490585761
40013 1490585762
40016 1490585763
40017 1490585764
40011 1490585765
40008 1490585766
40011 1490585767
10020 1490585768
40008 1490585768
40011 1490585769
40012 1490585770
1640 1490585770
40013 1490585771
40022 1490585772
40009 1490585773
40020 1490585774
40012 1490585775
40012 1490585776
40010 1490585777
40014 1490585778
40014 1490585779
40019 1490585780
3780 1490585780
40018 1490585781
40015 1490585782
40008 1490585783
40008 1490585784
40018 1490585785
1040 1490585786
40018 1490585786
40016 1490585787
40020 1490585788
40008 1490585789
240 1490585789
40013 1490585790
40012 1490585791
840 1490585792
40015 1490585792
40014 1490585793
40016 1490585794
40010 1490585795
40006 1490585796
40010 1490585797
40006 1490585798
40011 1490585799
40015 1490585800
40013 1490585801
40010 1490585802
40015 1490585803
40010 1490585804
40006 1490585805
40010 1490585806
40017 1490585807
40020 1490585808
40012 1490585809
40015 1490585810
40014 1490585811
40013 1490585812
40016 1490585813
1480 1490585814
40019 1490585814
40022 1490585815
40012 1490585816
40013 1490585817
40011 1490585818
40010 1490585819
40014 1490585820
40015 1490585821
40017 1490585822
40012 1490585823
40026 1490585824
40010 1490585825
40023 1490585826
40018 1490585827
40016 1490585828
40013 1490585829
40014 1490585830
40014 1490585831
40009 1490585832
40008 1490585833
2240 1490585833
40011 1490585834
40014 1490585835
40013 1490585836
40010 1490585837
760 1490585838
40016 1490585838
40010 1490585839
40014 1490585840
40020 1490585841
40015 1490585842
40015 1490585843
40018 1490585844
40013 1490585845
40017 1490585846
40006 1490585847
40016 1490585848
40012 1490585849
40015 1490585850
40014 1490585851
40022 1490585852
40011 1490585853
40010 1490585854
11240 1490585855
40019 1490585855
40018 1490585856
40011 1490585857
40011 1490585858
40015 1490585859
40015 1490585860
40014 1490585861
40013 1490585862
40009 1490585863
40010 1490585864
40014 1490585865
3860 1490585866
40011 1490585866
40022 1490585867
40019 1490585868
40015 1490585869
40015 1490585870
40017 1490585871
40012 1490585872
40012 1490585873
40021 1490585874
40020 1490585875
40010 1490585876
40019 1490585877
160 1490585878
40015 1490585878
40014 1490585879
40018 1490585880
40018 1490585881
40016 1490585882
40014 1490585883
40016 1490585884
40016 1490585885
40014 1490585886
40013 1490585887
40011 1490585888
40024 1490585889
40015 1490585890
40021 1490585891
40019 1490585892
40015 1490585893
40016 1490585894
40011 1490585895
40016 1490585896
40013 1490585897
40010 1490585898
40014 1490585899
40025 1490585900
40018 1490585901
40018 1490585902
40015 1490585903
40017 1490585904
40015 1490585905
40017 1490585906
40014 1490585907
40014 1490585908
40013 1490585909
40019 1490585910
40014 1490585911
40012 1490585912
40012 1490585913
40018 1490585914
40010 1490585915
1180 1490585916
40011 1490585916
40016 1490585917
40014 1490585918
40014 1490585919
40015 1490585920
40012 1490585921
40021 1490585922
40019 1490585923
40019 1490585924
40011 1490585925
40017 1490585926
40016 1490585927
40016 1490585928
40020 1490585929
40013 1490585930
40016 1490585931
40015 1490585932
40010 1490585933
40015 1490585934
40016 1490585935
40013 1490585936
40017 1490585937
40016 1490585938
680 1490585938
40020 1490585939
40017 1490585940
40017 1490585941
40014 1490585942
40021 1490585943
40020 1490585944
40008 1490585945
40011 1490585946
40012 1490585947
40010 1490585948
40012 1490585949
40016 1490585950
40012 1490585951
40012 1490585952
3900 1490585953
40013 1490585953
40013 1490585954
40018 1490585955
40010 1490585956
40021 1490585957
40011 1490585958
40010 1490585959
40013 1490585960
40009 1490585961
40018 1490585962
40013 1490585963
40019 1490585964
40012 1490585965
40012 1490585966
40016 1490585967
40013 1490585968
40010 1490585969
40022 1490585970
40016 1490585971
40018 1490585972
40014 1490585973
1640 1490585974
40025 1490585974
40015 1490585975
40018 1490585976
40010 1490585977
40013 1490585978
40015 1490585979
40017 1490585980
40014 1490585981
40013 1490585982
40012 1490585983
40014 1490585984
40013 1490585985
40018 1490585986
120 1490585987
40014 1490585987
40017 1490585988
40016 1490585989
40016 1490585990
40018 1490585991
1720 1490585991
40015 1490585992
40016 1490585993
40017 1490585994
40023 1490585995
40012 1490585996
40022 1490585997
40015 1490585998
40018 1490585999
40017 1490586000
40016 1490586001
40024 1490586002
40012 1490586003
40013 1490586004
40018 1490586005
40011 1490586006
40013 1490586007
40013 1490586008
40011 1490586009
40016 1490586010
40018 1490586011
40019 1490586012
40015 1490586013
40020 1490586014
40013 1490586015
40016 1490586016
40026 1490586017
860 1490586018
40017 1490586018
40014 1490586019
40013 1490586020
40016 1490586021
40016 1490586022
40018 1490586023
40009 1490586024
40013 1490586025
40010 1490586026
3160 1490586027
40019 1490586027
40013 1490586028
40015 1490586029
40023 1490586030
40021 1490586031
40014 1490586032
40012 1490586033
40010 1490586034
320 1490586035
40015 1490586035
40013 1490586036
40008 1490586037
40013 1490586038
40015 1490586039
40010 1490586040
40017 1490586041
40015 1490586042
40015 1490586043
40019 1490586044
40012 1490586045
1940 1490586046
40016 1490586046
40018 1490586047
40015 1490586048
40010 1490586049
40019 1490586050
40017 1490586051
40016 1490586052
40015 1490586053
40023 1490586054
2320 1490586055
40019 1490586055
880 1490586056
40021 1490586056
40010 1490586057
40016 1490586058
40023 1490586059
40013 1490586060
40007 1490586061
40018 1490586062
40017 1490586063
40014 1490586064
1020 1490586065
40022 1490586065
320 1490586066
40017 1490586066
40012 1490586067
40017 1490586068
40014 1490586069
40022 1490586070
40014 1490586071
40013 1490586072
2240 1490586073
40016 1490586073
40021 1490586074
40013 1490586075
40016 1490586076
40011 1490586077
40020 1490586078
40015 1490586079
40019 1490586080
40018 1490586081
40010 1490586082
40008 1490586083
40014 1490586084
40019 1490586085
40016 1490586086
7340 1490586087
40010 1490586087
40013 1490586088
40013 1490586089
40013 1490586090
40018 1490586091
40016 1490586092
40025 1490586093
40010 1490586094
40016 1490586095
40015 1490586096
40014 1490586097
40013 1490586098
40012 1490586099
40015 1490586100
40018 1490586101
40013 1490586102
40013 1490586103
40018 1490586104
40014 1490586105
40014 1490586106
40017 1490586107
40012 1490586108
40014 1490586109
40007 1490586110
40012 1490586111
40020 1490586112
40012 1490586113
3320 1490586114
40019 1490586114
40019 1490586115
40014 1490586116
1920 1490586117
40016 1490586117
40017 1490586118
40020 1490586119
40014 1490586120
40010 1490586121
40013 1490586122
40017 1490586123
40009 1490586124
40014 1490586125
40019 1490586126
40013 1490586127
40011 1490586128
40010 1490586129
1020 1490586130
40018 1490586130
40017 1490586131
40016 1490586132
40012 1490586133
40013 1490586134
40015 1490586135
780 1490586136
40010 1490586136
40013 1490586137
40017 1490586138
40013 1490586139
40013 1490586140
40014 1490586141
40012 1490586142
40013 1490586143
40018 1490586144
40012 1490586145
40012 1490586146
40018 1490586147
40014 1490586148
160 1490586149
40013 1490586149
40017 1490586150
2760 1490586151
40010 1490586151
40013 1490586152
40011 1490586153
40021 1490586154
40015 1490586155
40011 1490586156
40012 1490586157
80 1490586158
40018 1490586158
40009 1490586159
40015 1490586160
40015 1490586161
40015 1490586162
40021 1490586163
40012 1490586164
40013 1490586165
40020 1490586166
40016 1490586167
40012 1490586168
40010 1490586169
40013 1490586171
40008 1490586172
40012 1490586173
40016 1490586174
40010 1490586175
40017 1490586176
40009 1490586177
40013 1490586178
40014 1490586179
40014 1490586180
40017 1490586181
40012 1490586182
40019 1490586183
40012 1490586184
40013 1490586185
40017 1490586186
40013 1490586187
40013 1490586188
40015 1490586189
40013 1490586190
160 1490586190
40014 1490586191
40019 1490586192
40017 1490586193
40015 1490586194
40022 1490586195
40009 1490586196
40007 1490586197
40008 1490586198
400 1490586198
1820 1490586198
40012 1490586199
40011 1490586200
40015 1490586201
40015 1490586202
40018 1490586203
40016 1490586204
40010 1490586205
40013 1490586206
40012 1490586207
40011 1490586208
40018 1490586209
40015 1490586210
40020 1490586211
40020 1490586212
40016 1490586213
40015 1490586214
40012 1490586215
40020 1490586216
40013 1490586217
40015 1490586218
40015 1490586219
40014 1490586220
40014 1490586221
40013 1490586222
40018 1490586223
40018 1490586224
40016 1490586225
40012 1490586226
40010 1490586227
40015 1490586228
40013 1490586229
40013 1490586230
40021 1490586231
40015 1490586232
180 1490586232
40011 1490586233
40017 1490586234
700 1490586234
40012 1490586235
40016 1490586236
40011 1490586237
40018 1490586238
40011 1490586239
40020 1490586240
40016 1490586241
40017 1490586242
40013 1490586243
40017 1490586244
40014 1490586245
40016 1490586246
40018 1490586247
40014 1490586248
40014 1490586249
700 1490586249
40015 1490586250
1100 1490586250
40020 1490586251
40013 1490586252
40015 1490586253
40020 1490586254
40009 1490586255
40017 1490586256
40009 1490586257
40016 1490586258
40010 1490586259
40012 1490586260
40014 1490586261
1000 1490586261
40017 1490586262
40014 1490586263
40015 1490586264
40011 1490586265
40010 1490586266
40013 1490586267
40019 1490586268
40014 1490586269
40009 1490586270
40018 1490586271
40015 1490586272
40013 1490586273
40016 1490586274
40012 1490586275
40014 1490586276
880 1490586276
40018 1490586277
40009 1490586278
1580 1490586278
40008 1490586279
40017 1490586280
40012 1490586281
4040 1490586281
40014 1490586282
40017 1490586283
40010 1490586284
40012 1490586285
40008 1490586286
40010 1490586287
40025 1490586288
40003 1490586289
40012 1490586290
40015 1490586291
40012 1490586292
40022 1490586293
40011 1490586294
40017 1490586295
1600 1490586295
40015 1490586296
40017 1490586297
40010 1490586298
40017 1490586299
40018 1490586300
40005 1490586301
40014 1490586302
40020 1490586303
40016 1490586304
180 1490586304
120 1490586304
40016 1490586305
40013 1490586306
40014 1490586307
40020 1490586308
1880 1490586308
40019 1490586309
40028 1490586310
40020 1490586311
40017 1490586312
40013 1490586313
40018 1490586314
40015 1490586315
40014 1490586316
40006 1490586317
40014 1490586318
40014 1490586319
180 1490586319
40017 1490586320
40013 1490586321
40014 1490586322
40020 1490586323
40012 1490586324
40018 1490586325
40021 1490586326
40014 1490586327
440 1490586328
40016 1490586328
40015 1490586329
40008 1490586330
40012 1490586331
40013 1490586332
40016 1490586333
40009 1490586334
40013 1490586335
40012 1490586336
40016 1490586337
40020 1490586338
40009 1490586339
40013 1490586340
40010 1490586341
40016 1490586342
40011 1490586343
40015 1490586344
40012 1490586345
40013 1490586346
40016 1490586347
40014 1490586348
40012 1490586349
40015 1490586350
40023 1490586351
40014 1490586352
40024 1490586353
40012 1490586354
40009 1490586355
40007 1490586356
40014 1490586357
40023 1490586358
40020 1490586359
40017 1490586360
40015 1490586361
40019 1490586362
40010 1490586363
40010 1490586364
40016 1490586365
40014 1490586366
40020 1490586367
40011 1490586368
40015 1490586369
40011 1490586370
40007 1490586371
40013 1490586372
40017 1490586373
40013 1490586374
40011 1490586375
40018 1490586376
40017 1490586377
40010 1490586378
40017 1490586379
40009 1490586380
40014 1490586381
40019 1490586382
40016 1490586383
40030 1490586384
40015 1490586385
40018 1490586386
40013 1490586387
40007 1490586388
40007 1490586389
40011 1490586390
40018 1490586391
40015 1490586392
40017 1490586393
40014 1490586394
40017 1490586395
40015 1490586396
40009 1490586397
40021 1490586398
40014 1490586399
40011 1490586400
1360 1490586400
40015 1490586401
40021 1490586402
1060 1490586402
40020 1490586403
40012 1490586404
40016 1490586405
40011 1490586406
40010 1490586407
40011 1490586408
1780 1490586409
40015 1490586409
40022 1490586410
40011 1490586411
40019 1490586412
40019 1490586413
40021 1490586414
40019 1490586415
40017 1490586416
40016 1490586417
40013 1490586418
40011 1490586419
40019 1490586420
480 1490586420
40019 1490586421
40012 1490586422
40022 1490586423
5020 1490586424
40014 1490586424
40018 1490586425
40017 1490586426
40012 1490586427
40015 1490586428
40015 1490586429
40018 1490586430
40014 1490586431
40015 1490586432
40016 1490586433
40017 1490586434
40018 1490586435
40017 1490586436
40010 1490586437
40016 1490586438
40014 1490586439
40014 1490586440
40013 1490586441
40007 1490586442
40016 1490586443
40019 1490586444
40021 1490586445
40019 1490586446
40013 1490586447
40017 1490586448
40019 1490586449
40014 1490586450
40012 1490586451
40018 1490586452
40017 1490586453
1920 1490586453
40019 1490586454
40014 1490586455
40012 1490586456
40012 1490586457
40013 1490586458
40014 1490586459
40014 1490586460
40015 1490586461
40018 1490586462
40020 1490586463
920 1490586464
40020 1490586464
40023 1490586465
40021 1490586466
40010 1490586467
40010 1490586468
40017 1490586469
40017 1490586470
40012 1490586471
40012 1490586472
40018 1490586473
40015 1490586474
160 1490586474
40020 1490586475
40014 1490586476
40022 1490586477
40014 1490586478
40021 1490586479
40014 1490586480
1760 1490586480
40023 1490586481
40013 1490586482
940 1490586482
40013 1490586483
40013 1490586484
40020 1490586485
40015 1490586486
40011 1490586487
40013 1490586488
40016 1490586489
40016 1490586490
40019 1490586491
40013 1490586492
40014 1490586493
40009 1490586494
40015 1490586495
40011 1490586496
40017 1490586497
40014 1490586498
40011 1490586499
40014 1490586500
40018 1490586501
40019 1490586502
40015 1490586503
40012 1490586504
40011 1490586505
40017 1490586506
2360 1490586506
40013 1490586507
40011 1490586508
40018 1490586509
40016 1490586510
40020 1490586511
40015 1490586512
40012 1490586513
40015 1490586514
40012 1490586515
40016 1490586516
40015 1490586517
40014 1490586518
40015 1490586519
40015 1490586520
40019 1490586521
40018 1490586522
40011 1490586523
40021 1490586524
2500 1490586524
40011 1490586525
40019 1490586526
40013 1490586527
40007 1490586528
40012 1490586529
40016 1490586530
40017 1490586531
40021 1490586532
40015 1490586533
40011 1490586534
40014 1490586535
40012 1490586536
40018 1490586537
40009 1490586538
40021 1490586539
40014 1490586540
40013 1490586541
8380 1490586541
40019 1490586542
2600 1490586542
40015 1490586543
40014 1490586544
40013 1490586545
40023 1490586546
40022 1490586547
40015 1490586548
3420 1490586549
40022 1490586549
40016 1490586550
40012 1490586551
40015 1490586552
40010 1490586553
40017 1490586554
40014 1490586555
40019 1490586556
40021 1490586557
40012 1490586558
40013 1490586559
40009 1490586560
5280 1490586561
40016 1490586561
760 1490586561
40010 1490586562
40017 1490586563
40018 1490586564
40011 1490586565
40014 1490586566
40005 1490586567
40017 1490586568
40012 1490586569
40018 1490586570
40017 1490586571
40013 1490586572
40013 1490586573
40017 1490586574
40008 1490586575
40014 1490586576
40013 1490586577
40013 1490586578
40014 1490586579
40010 1490586580
40020 1490586581
40013 1490586582
40022 1490586583
40022 1490586584
40016 1490586585
40015 1490586586
40018 1490586587
40014 1490586588
40013 1490586589
40013 1490586590
40008 1490586591
40014 1490586592
40010 1490586593
40008 1490586594
40019 1490586595
40017 1490586596
40017 1490586597
40015 1490586598
1180 1490586599
40019 1490586599
40013 1490586600
40012 1490586601
40012 1490586602
160 1490586602
3020 1490586602
40017 1490586603
40009 1490586604
40011 1490586605
40016 1490586606
40018 1490586607
40011 1490586608
40021 1490586609
40015 1490586610
40011 1490586611
440 1490586611
40018 1490586612
40015 1490586613
40012 1490586614
40015 1490586615
40013 1490586616
40008 1490586617
180 1490586617
3660 1490586618
40015 1490586618
40015 1490586619
760 1490586619
40013 1490586620
40014 1490586621
40006 1490586622
40011 1490586623
40016 1490586624
40011 1490586625
40016 1490586626
40007 1490586627
1240 1490586627
40012 1490586628
40013 1490586629
40011 1490586630
40012 1490586631
40014 1490586632
40012 1490586633
40012 1490586634
40020 1490586635
40015 1490586636
40017 1490586637
40013 1490586638
40012 1490586639
40018 1490586640
40011 1490586641
40016 1490586642
40018 1490586643
40018 1490586644
40014 1490586645
40013 1490586646
40012 1490586647
40022 1490586648
40011 1490586649
40010 1490586650
40019 1490586651
40014 1490586652
40016 1490586653
40019 1490586654
40016 1490586655
40009 1490586656
140 1490586657
1000 1490586657
40010 1490586657
40019 1490586658
40014 1490586659
40017 1490586660
40020 1490586661
40016 1490586662
40010 1490586663
40000 1490586664
40000 1490586665
