Bruker Nano GmbH Berlin, Germany
Esprit 1.9

Date: 9/14/2017 7:58:17 PM
Real time: 97198
Life time: 93309
Pulse density: 2681

Primary energy: 30
Take off angle: 35
Tilt angle: 0
Azimut angle: 45

Detector type: XFlash 6|30
Window type: slew AP3.3
Detector thickness: 0.45
Si dead layer:0.029

Calibration, lin.: 5
Calibration, abs.: -476.9
Mn FWHM: 126.334
Fano factor: 0.11
Channels: 4096

Energy Counts
-0.4769    0
-0.4719    0
-0.4669    0
-0.4619    0
-0.4569    0
-0.4519    0
-0.4469    0
-0.4419    0
-0.4369    0
-0.4319    0
-0.4269    0
-0.4219    0
-0.4169    0
-0.4119    0
-0.4069    0
-0.4019    0
-0.3969    0
-0.3919    0
-0.3869    0
-0.3819    0
-0.3769    0
-0.3719    0
-0.3669    0
-0.3619    0
-0.3569    0
-0.3519    0
-0.3469    0
-0.3419    0
-0.3369    0
-0.3319    0
-0.3269    0
-0.3219    0
-0.3169    0
-0.3119    0
-0.3069    0
-0.3019    0
-0.2969    0
-0.2919    0
-0.2869    0
-0.2819    0
-0.2769    0
-0.2719    0
-0.2669    0
-0.2619    0
-0.2569    0
-0.2519    0
-0.2469    0
-0.2419    0
-0.2369    0
-0.2319    0
-0.2269    0
-0.2219    0
-0.2169    0
-0.2119    0
-0.2069    0
-0.2019    0
-0.1969    0
-0.1919    0
-0.1869    0
-0.1819    0
-0.1769    0
-0.1719    0
-0.1669    0
-0.1619    0
-0.1569    0
-0.1519    0
-0.1469    0
-0.1419    0
-0.1369    0
-0.1319    0
-0.1269    0
-0.1219    0
-0.1169    0
-0.1119    0
-0.1069    0
-0.1019    0
-0.0969    0
-0.0919    0
-0.0869    0
-0.0819    0
-0.0769    0
-0.0719    3
-0.0669   11
-0.0619   21
-0.0569   50
-0.0519  131
-0.0469  246
-0.0419  424
-0.0369  700
-0.0319 1212
-0.0269 1794
-0.0219 2577
-0.0169 3375
-0.0119 4199
-0.0069 4660
-0.0019 4899
 0.0031 4821
 0.0081 4550
 0.0131 3863
 0.0181 2978
 0.0231 2375
 0.0281 1634
 0.0331 1083
 0.0381  656
 0.0431  367
 0.0481  219
 0.0531  124
 0.0581   55
 0.0631   31
 0.0681   12
 0.0731   12
 0.0781    6
 0.0831    0
 0.0881    0
 0.0931    0
 0.0981    0
 0.1031    0
 0.1081    0
 0.1131    0
 0.1181   12
 0.1231   42
 0.1281   30
 0.1331   25
 0.1381   10
 0.1431    5
 0.1481    3
 0.1531    1
 0.1581    0
 0.1631    0
 0.1681    3
 0.1731    4
 0.1781    2
 0.1831    3
 0.1881    1
 0.1931    5
 0.1981    3
 0.2031    0
 0.2081    8
 0.2131    7
 0.2181    7
 0.2231    7
 0.2281    9
 0.2331    9
 0.2381   20
 0.2431   27
 0.2481   29
 0.2531   49
 0.2581   73
 0.2631   71
 0.2681   58
 0.2731   76
 0.2781   76
 0.2831   81
 0.2881   77
 0.2931   54
 0.2981   51
 0.3031   43
 0.3081   32
 0.3131   25
 0.3181   18
 0.3231   11
 0.3281    6
 0.3331    9
 0.3381    5
 0.3431    4
 0.3481    5
 0.3531   10
 0.3581    6
 0.3631    6
 0.3681    6
 0.3731    4
 0.3781    3
 0.3831    4
 0.3881    5
 0.3931    5
 0.3981    7
 0.4031    7
 0.4081    8
 0.4131   11
 0.4181   10
 0.4231    8
 0.4281    6
 0.4331   11
 0.4381   23
 0.4431   31
 0.4481   38
 0.4531   49
 0.4581   64
 0.4631  101
 0.4681  149
 0.4731  193
 0.4781  280
 0.4831  375
 0.4881  476
 0.4931  565
 0.4981  758
 0.5031  934
 0.5081 1080
 0.5131 1209
 0.5181 1218
 0.5231 1254
 0.5281 1235
 0.5331 1213
 0.5381 1036
 0.5431  937
 0.5481  762
 0.5531  635
 0.5581  469
 0.5631  366
 0.5681  250
 0.5731  185
 0.5781  111
 0.5831   59
 0.5881   36
 0.5931   33
 0.5981   18
 0.6031   14
 0.6081   14
 0.6131    1
 0.6181    8
 0.6231    7
 0.6281    1
 0.6331    4
 0.6381    4
 0.6431    9
 0.6481   10
 0.6531    3
 0.6581    7
 0.6631   10
 0.6681    4
 0.6731    4
 0.6781   10
 0.6831   14
 0.6881    6
 0.6931   15
 0.6981    8
 0.7031   15
 0.7081   14
 0.7131    6
 0.7181    6
 0.7231   16
 0.7281   21
 0.7331   12
 0.7381   11
 0.7431   15
 0.7481    7
 0.7531   11
 0.7581   16
 0.7631   17
 0.7681    8
 0.7731    9
 0.7781   20
 0.7831   16
 0.7881   19
 0.7931   11
 0.7981   17
 0.8031   24
 0.8081   20
 0.8131   20
 0.8181   16
 0.8231   16
 0.8281   19
 0.8331   23
 0.8381   16
 0.8431   29
 0.8481   21
 0.8531   35
 0.8581   25
 0.8631   22
 0.8681   24
 0.8731   23
 0.8781   31
 0.8831   33
 0.8881   38
 0.8931   28
 0.8981   25
 0.9031   22
 0.9081   26
 0.9131   41
 0.9181   26
 0.9231   35
 0.9281   33
 0.9331   39
 0.9381   40
 0.9431   41
 0.9481   55
 0.9531   57
 0.9581   59
 0.9631   54
 0.9681   65
 0.9731   84
 0.9781  118
 0.9831  145
 0.9881  197
 0.9931  239
 0.9981  346
 1.0031  409
 1.0081  476
 1.0131  621
 1.0181  717
 1.0231  786
 1.0281  896
 1.0331  946
 1.0381  999
 1.0431 1055
 1.0481 1101
 1.0531  951
 1.0581  917
 1.0631  886
 1.0681  815
 1.0731  665
 1.0781  513
 1.0831  444
 1.0881  345
 1.0931  294
 1.0981  206
 1.1031  183
 1.1081  111
 1.1131  107
 1.1181   63
 1.1231   73
 1.1281   45
 1.1331   55
 1.1381   45
 1.1431   43
 1.1481   47
 1.1531   38
 1.1581   28
 1.1631   42
 1.1681   40
 1.1731   50
 1.1781   44
 1.1831   53
 1.1881   70
 1.1931   61
 1.1981   78
 1.2031   77
 1.2081  115
 1.2131  135
 1.2181  143
 1.2231  192
 1.2281  187
 1.2331  215
 1.2381  237
 1.2431  245
 1.2481  261
 1.2531  268
 1.2581  287
 1.2631  274
 1.2681  274
 1.2731  247
 1.2781  220
 1.2831  198
 1.2881  193
 1.2931  178
 1.2981  144
 1.3031  116
 1.3081  111
 1.3131   94
 1.3181   80
 1.3231   78
 1.3281   63
 1.3331   65
 1.3381   54
 1.3431   38
 1.3481   48
 1.3531   47
 1.3581   40
 1.3631   61
 1.3681   57
 1.3731   54
 1.3781   68
 1.3831   55
 1.3881   54
 1.3931   67
 1.3981   82
 1.4031   55
 1.4081   74
 1.4131   73
 1.4181   69
 1.4231   81
 1.4281   90
 1.4331   95
 1.4381   97
 1.4431  131
 1.4481  160
 1.4531  159
 1.4581  182
 1.4631  195
 1.4681  213
 1.4731  215
 1.4781  205
 1.4831  249
 1.4881  250
 1.4931  230
 1.4981  237
 1.5031  208
 1.5081  215
 1.5131  195
 1.5181  193
 1.5231  152
 1.5281  143
 1.5331  139
 1.5381  125
 1.5431  114
 1.5481  125
 1.5531  111
 1.5581   97
 1.5631   90
 1.5681   83
 1.5731   95
 1.5781   88
 1.5831   86
 1.5881   79
 1.5931   79
 1.5981   81
 1.6031   83
 1.6081   92
 1.6131   82
 1.6181   86
 1.6231   88
 1.6281  100
 1.6331  121
 1.6381  128
 1.6431  153
 1.6481  208
 1.6531  296
 1.6581  385
 1.6631  472
 1.6681  632
 1.6731  855
 1.6781 1157
 1.6831 1490
 1.6881 1851
 1.6931 2390
 1.6981 2916
 1.7031 3405
 1.7081 3958
 1.7131 4628
 1.7181 5228
 1.7231 5724
 1.7281 6237
 1.7331 6558
 1.7381 6694
 1.7431 6726
 1.7481 6546
 1.7531 6298
 1.7581 5894
 1.7631 5463
 1.7681 4941
 1.7731 4326
 1.7781 3768
 1.7831 3189
 1.7881 2686
 1.7931 2248
 1.7981 1804
 1.8031 1438
 1.8081 1151
 1.8131  939
 1.8181  762
 1.8231  640
 1.8281  557
 1.8331  479
 1.8381  417
 1.8431  373
 1.8481  333
 1.8531  295
 1.8581  266
 1.8631  229
 1.8681  185
 1.8731  154
 1.8781  148
 1.8831  124
 1.8881   98
 1.8931   87
 1.8981   76
 1.9031   70
 1.9081   62
 1.9131   52
 1.9181   46
 1.9231   43
 1.9281   40
 1.9331   45
 1.9381   42
 1.9431   34
 1.9481   36
 1.9531   38
 1.9581   37
 1.9631   37
 1.9681   38
 1.9731   33
 1.9781   31
 1.9831   39
 1.9881   39
 1.9931   33
 1.9981   32
 2.0031   37
 2.0081   40
 2.0131   43
 2.0181   43
 2.0231   35
 2.0281   33
 2.0331   40
 2.0381   46
 2.0431   45
 2.0481   33
 2.0531   33
 2.0581   39
 2.0631   40
 2.0681   38
 2.0731   34
 2.0781   45
 2.0831   48
 2.0881   42
 2.0931   41
 2.0981   43
 2.1031   44
 2.1081   44
 2.1131   48
 2.1181   45
 2.1231   43
 2.1281   46
 2.1331   48
 2.1381   42
 2.1431   40
 2.1481   41
 2.1531   42
 2.1581   45
 2.1631   46
 2.1681   48
 2.1731   49
 2.1781   51
 2.1831   39
 2.1881   35
 2.1931   42
 2.1981   47
 2.2031   46
 2.2081   45
 2.2131   51
 2.2181   46
 2.2231   39
 2.2281   41
 2.2331   42
 2.2381   41
 2.2431   46
 2.2481   42
 2.2531   49
 2.2581   59
 2.2631   54
 2.2681   45
 2.2731   51
 2.2781   48
 2.2831   53
 2.2881   47
 2.2931   46
 2.2981   55
 2.3031   55
 2.3081   53
 2.3131   55
 2.3181   54
 2.3231   67
 2.3281   67
 2.3331   52
 2.3381   50
 2.3431   49
 2.3481   43
 2.3531   52
 2.3581   50
 2.3631   48
 2.3681   43
 2.3731   46
 2.3781   49
 2.3831   44
 2.3881   40
 2.3931   42
 2.3981   43
 2.4031   51
 2.4081   55
 2.4131   48
 2.4181   54
 2.4231   45
 2.4281   45
 2.4331   58
 2.4381   50
 2.4431   51
 2.4481   51
 2.4531   53
 2.4581   49
 2.4631   49
 2.4681   43
 2.4731   50
 2.4781   48
 2.4831   46
 2.4881   55
 2.4931   51
 2.4981   55
 2.5031   46
 2.5081   52
 2.5131   49
 2.5181   51
 2.5231   52
 2.5281   54
 2.5331   61
 2.5381   51
 2.5431   45
 2.5481   53
 2.5531   59
 2.5581   47
 2.5631   51
 2.5681   58
 2.5731   54
 2.5781   57
 2.5831   54
 2.5881   48
 2.5931   42
 2.5981   54
 2.6031   51
 2.6081   59
 2.6131   50
 2.6181   68
 2.6231   56
 2.6281   58
 2.6331   57
 2.6381   64
 2.6431   50
 2.6481   57
 2.6531   57
 2.6581   59
 2.6631   48
 2.6681   50
 2.6731   60
 2.6781   56
 2.6831   51
 2.6881   51
 2.6931   38
 2.6981   42
 2.7031   57
 2.7081   52
 2.7131   41
 2.7181   48
 2.7231   49
 2.7281   50
 2.7331   53
 2.7381   47
 2.7431   58
 2.7481   61
 2.7531   56
 2.7581   42
 2.7631   62
 2.7681   52
 2.7731   50
 2.7781   50
 2.7831   48
 2.7881   58
 2.7931   67
 2.7981   56
 2.8031   50
 2.8081   48
 2.8131   43
 2.8181   52
 2.8231   49
 2.8281   42
 2.8331   58
 2.8381   62
 2.8431   60
 2.8481   50
 2.8531   50
 2.8581   56
 2.8631   37
 2.8681   51
 2.8731   58
 2.8781   62
 2.8831   56
 2.8881   51
 2.8931   49
 2.8981   46
 2.9031   43
 2.9081   65
 2.9131   52
 2.9181   60
 2.9231   46
 2.9281   46
 2.9331   54
 2.9381   57
 2.9431   56
 2.9481   62
 2.9531   54
 2.9581   43
 2.9631   55
 2.9681   51
 2.9731   59
 2.9781   47
 2.9831   55
 2.9881   47
 2.9931   51
 2.9981   50
 3.0031   60
 3.0081   52
 3.0131   51
 3.0181   70
 3.0231   54
 3.0281   58
 3.0331   61
 3.0381   59
 3.0431   55
 3.0481   44
 3.0531   44
 3.0581   46
 3.0631   61
 3.0681   57
 3.0731   56
 3.0781   47
 3.0831   51
 3.0881   56
 3.0931   51
 3.0981   59
 3.1031   44
 3.1081   46
 3.1131   46
 3.1181   37
 3.1231   44
 3.1281   46
 3.1331   61
 3.1381   60
 3.1431   52
 3.1481   53
 3.1531   52
 3.1581   57
 3.1631   67
 3.1681   51
 3.1731   66
 3.1781   39
 3.1831   49
 3.1881   53
 3.1931   46
 3.1981   54
 3.2031   67
 3.2081   62
 3.2131   65
 3.2181   53
 3.2231   49
 3.2281   58
 3.2331   73
 3.2381   59
 3.2431   69
 3.2481   89
 3.2531   66
 3.2581   71
 3.2631   81
 3.2681   93
 3.2731   94
 3.2781   80
 3.2831   99
 3.2881  113
 3.2931  114
 3.2981  112
 3.3031  121
 3.3081  128
 3.3131  115
 3.3181  114
 3.3231  100
 3.3281  113
 3.3331  107
 3.3381   90
 3.3431   89
 3.3481   93
 3.3531   84
 3.3581   90
 3.3631   78
 3.3681   85
 3.3731   76
 3.3781   80
 3.3831   70
 3.3881   66
 3.3931   63
 3.3981   62
 3.4031   62
 3.4081   50
 3.4131   58
 3.4181   58
 3.4231   57
 3.4281   49
 3.4331   58
 3.4381   45
 3.4431   41
 3.4481   41
 3.4531   55
 3.4581   54
 3.4631   58
 3.4681   60
 3.4731   52
 3.4781   59
 3.4831   55
 3.4881   48
 3.4931   63
 3.4981   72
 3.5031   58
 3.5081   52
 3.5131   60
 3.5181   69
 3.5231   66
 3.5281   51
 3.5331   61
 3.5381   51
 3.5431   64
 3.5481   72
 3.5531   64
 3.5581   71
 3.5631   69
 3.5681   79
 3.5731   77
 3.5781   94
 3.5831   91
 3.5881   94
 3.5931  107
 3.5981  114
 3.6031  160
 3.6081  177
 3.6131  199
 3.6181  228
 3.6231  267
 3.6281  286
 3.6331  339
 3.6381  389
 3.6431  413
 3.6481  463
 3.6531  501
 3.6581  551
 3.6631  586
 3.6681  643
 3.6731  674
 3.6781  666
 3.6831  671
 3.6881  681
 3.6931  719
 3.6981  712
 3.7031  720
 3.7081  641
 3.7131  674
 3.7181  615
 3.7231  530
 3.7281  479
 3.7331  430
 3.7381  443
 3.7431  393
 3.7481  331
 3.7531  282
 3.7581  228
 3.7631  236
 3.7681  173
 3.7731  173
 3.7781  146
 3.7831  135
 3.7881  108
 3.7931   92
 3.7981  103
 3.8031   90
 3.8081   74
 3.8131   71
 3.8181   61
 3.8231   65
 3.8281   56
 3.8331   53
 3.8381   71
 3.8431   56
 3.8481   47
 3.8531   44
 3.8581   49
 3.8631   50
 3.8681   45
 3.8731   55
 3.8781   54
 3.8831   44
 3.8881   47
 3.8931   47
 3.8981   60
 3.9031   49
 3.9081   55
 3.9131   62
 3.9181   69
 3.9231   55
 3.9281   59
 3.9331   72
 3.9381   59
 3.9431   64
 3.9481   90
 3.9531   88
 3.9581   86
 3.9631  101
 3.9681   82
 3.9731   86
 3.9781  103
 3.9831  119
 3.9881  113
 3.9931  120
 3.9981  131
 4.0031  141
 4.0081  128
 4.0131  129
 4.0181  150
 4.0231  115
 4.0281  124
 4.0331  134
 4.0381  125
 4.0431  117
 4.0481  109
 4.0531  123
 4.0581   98
 4.0631   93
 4.0681   81
 4.0731   86
 4.0781   74
 4.0831   72
 4.0881   65
 4.0931   71
 4.0981   57
 4.1031   63
 4.1081   54
 4.1131   57
 4.1181   55
 4.1231   44
 4.1281   46
 4.1331   52
 4.1381   53
 4.1431   45
 4.1481   41
 4.1531   42
 4.1581   47
 4.1631   46
 4.1681   49
 4.1731   44
 4.1781   44
 4.1831   40
 4.1881   49
 4.1931   39
 4.1981   50
 4.2031   45
 4.2081   38
 4.2131   48
 4.2181   57
 4.2231   53
 4.2281   41
 4.2331   45
 4.2381   50
 4.2431   46
 4.2481   44
 4.2531   41
 4.2581   35
 4.2631   43
 4.2681   48
 4.2731   45
 4.2781   45
 4.2831   43
 4.2881   46
 4.2931   43
 4.2981   45
 4.3031   40
 4.3081   48
 4.3131   50
 4.3181   39
 4.3231   47
 4.3281   49
 4.3331   45
 4.3381   51
 4.3431   48
 4.3481   45
 4.3531   45
 4.3581   48
 4.3631   50
 4.3681   49
 4.3731   39
 4.3781   35
 4.3831   34
 4.3881   33
 4.3931   39
 4.3981   51
 4.4031   47
 4.4081   45
 4.4131   47
 4.4181   50
 4.4231   51
 4.4281   42
 4.4331   42
 4.4381   43
 4.4431   52
 4.4481   49
 4.4531   46
 4.4581   45
 4.4631   48
 4.4681   50
 4.4731   44
 4.4781   45
 4.4831   43
 4.4881   41
 4.4931   48
 4.4981   43
 4.5031   42
 4.5081   48
 4.5131   51
 4.5181   56
 4.5231   53
 4.5281   55
 4.5331   53
 4.5381   41
 4.5431   47
 4.5481   33
 4.5531   33
 4.5581   38
 4.5631   35
 4.5681   38
 4.5731   35
 4.5781   43
 4.5831   57
 4.5881   50
 4.5931   45
 4.5981   41
 4.6031   39
 4.6081   34
 4.6131   29
 4.6181   31
 4.6231   42
 4.6281   53
 4.6331   50
 4.6381   49
 4.6431   48
 4.6481   43
 4.6531   41
 4.6581   42
 4.6631   43
 4.6681   40
 4.6731   36
 4.6781   36
 4.6831   35
 4.6881   39
 4.6931   43
 4.6981   41
 4.7031   41
 4.7081   48
 4.7131   52
 4.7181   41
 4.7231   38
 4.7281   39
 4.7331   41
 4.7381   44
 4.7431   41
 4.7481   46
 4.7531   48
 4.7581   38
 4.7631   30
 4.7681   35
 4.7731   44
 4.7781   42
 4.7831   43
 4.7881   47
 4.7931   41
 4.7981   34
 4.8031   42
 4.8081   44
 4.8131   41
 4.8181   41
 4.8231   39
 4.8281   41
 4.8331   41
 4.8381   40
 4.8431   40
 4.8481   44
 4.8531   45
 4.8581   39
 4.8631   39
 4.8681   39
 4.8731   32
 4.8781   38
 4.8831   39
 4.8881   35
 4.8931   34
 4.8981   32
 4.9031   40
 4.9081   41
 4.9131   37
 4.9181   46
 4.9231   43
 4.9281   43
 4.9331   38
 4.9381   34
 4.9431   43
 4.9481   40
 4.9531   41
 4.9581   45
 4.9631   39
 4.9681   39
 4.9731   37
 4.9781   40
 4.9831   44
 4.9881   40
 4.9931   30
 4.9981   33
 5.0031   39
 5.0081   34
 5.0131   36
 5.0181   38
 5.0231   38
 5.0281   40
 5.0331   40
 5.0381   37
 5.0431   44
 5.0481   44
 5.0531   33
 5.0581   36
 5.0631   27
 5.0681   35
 5.0731   47
 5.0781   48
 5.0831   40
 5.0881   32
 5.0931   28
 5.0981   33
 5.1031   31
 5.1081   33
 5.1131   35
 5.1181   33
 5.1231   38
 5.1281   43
 5.1331   41
 5.1381   38
 5.1431   36
 5.1481   41
 5.1531   41
 5.1581   42
 5.1631   36
 5.1681   36
 5.1731   36
 5.1781   31
 5.1831   41
 5.1881   46
 5.1931   39
 5.1981   34
 5.2031   35
 5.2081   35
 5.2131   36
 5.2181   37
 5.2231   36
 5.2281   29
 5.2331   39
 5.2381   38
 5.2431   39
 5.2481   41
 5.2531   35
 5.2581   31
 5.2631   34
 5.2681   41
 5.2731   39
 5.2781   31
 5.2831   37
 5.2881   38
 5.2931   32
 5.2981   40
 5.3031   41
 5.3081   36
 5.3131   40
 5.3181   45
 5.3231   44
 5.3281   46
 5.3331   34
 5.3381   41
 5.3431   45
 5.3481   43
 5.3531   41
 5.3581   33
 5.3631   34
 5.3681   33
 5.3731   39
 5.3781   39
 5.3831   34
 5.3881   37
 5.3931   37
 5.3981   44
 5.4031   39
 5.4081   40
 5.4131   36
 5.4181   35
 5.4231   38
 5.4281   39
 5.4331   34
 5.4381   35
 5.4431   33
 5.4481   39
 5.4531   39
 5.4581   28
 5.4631   30
 5.4681   34
 5.4731   44
 5.4781   35
 5.4831   34
 5.4881   34
 5.4931   35
 5.4981   34
 5.5031   36
 5.5081   32
 5.5131   21
 5.5181   38
 5.5231   36
 5.5281   37
 5.5331   36
 5.5381   33
 5.5431   35
 5.5481   38
 5.5531   35
 5.5581   32
 5.5631   37
 5.5681   27
 5.5731   36
 5.5781   35
 5.5831   36
 5.5881   29
 5.5931   39
 5.5981   39
 5.6031   37
 5.6081   41
 5.6131   38
 5.6181   39
 5.6231   33
 5.6281   47
 5.6331   35
 5.6381   35
 5.6431   33
 5.6481   37
 5.6531   40
 5.6581   30
 5.6631   24
 5.6681   42
 5.6731   33
 5.6781   38
 5.6831   38
 5.6881   26
 5.6931   30
 5.6981   35
 5.7031   30
 5.7081   32
 5.7131   30
 5.7181   27
 5.7231   32
 5.7281   37
 5.7331   31
 5.7381   34
 5.7431   28
 5.7481   40
 5.7531   32
 5.7581   42
 5.7631   24
 5.7681   31
 5.7731   29
 5.7781   28
 5.7831   38
 5.7881   36
 5.7931   27
 5.7981   31
 5.8031   32
 5.8081   24
 5.8131   32
 5.8181   23
 5.8231   35
 5.8281   26
 5.8331   42
 5.8381   39
 5.8431   39
 5.8481   33
 5.8531   17
 5.8581   29
 5.8631   32
 5.8681   37
 5.8731   33
 5.8781   36
 5.8831   37
 5.8881   33
 5.8931   30
 5.8981   33
 5.9031   34
 5.9081   28
 5.9131   31
 5.9181   31
 5.9231   28
 5.9281   32
 5.9331   36
 5.9381   36
 5.9431   35
 5.9481   25
 5.9531   27
 5.9581   35
 5.9631   30
 5.9681   36
 5.9731   25
 5.9781   32
 5.9831   35
 5.9881   39
 5.9931   21
 5.9981   43
 6.0031   31
 6.0081   34
 6.0131   40
 6.0181   30
 6.0231   30
 6.0281   27
 6.0331   31
 6.0381   24
 6.0431   27
 6.0481   35
 6.0531   30
 6.0581   52
 6.0631   27
 6.0681   30
 6.0731   42
 6.0781   29
 6.0831   35
 6.0881   19
 6.0931   31
 6.0981   36
 6.1031   44
 6.1081   31
 6.1131   45
 6.1181   23
 6.1231   34
 6.1281   23
 6.1331   16
 6.1381   38
 6.1431   40
 6.1481   36
 6.1531   28
 6.1581   24
 6.1631   34
 6.1681   21
 6.1731   36
 6.1781   35
 6.1831   45
 6.1881   33
 6.1931   33
 6.1981   31
 6.2031   26
 6.2081   39
 6.2131   26
 6.2181   36
 6.2231   32
 6.2281   33
 6.2331   26
 6.2381   33
 6.2431   32
 6.2481   25
 6.2531   29
 6.2581   36
 6.2631   27
 6.2681   24
 6.2731   24
 6.2781   32
 6.2831   16
 6.2881   24
 6.2931   28
 6.2981   19
 6.3031   38
 6.3081   26
 6.3131   22
 6.3181   36
 6.3231   43
 6.3281   25
 6.3331   36
 6.3381   33
 6.3431   46
 6.3481   28
 6.3531   41
 6.3581   35
 6.3631   39
 6.3681   35
 6.3731   42
 6.3781   42
 6.3831   51
 6.3881   44
 6.3931   47
 6.3981   46
 6.4031   33
 6.4081   41
 6.4131   23
 6.4181   36
 6.4231   40
 6.4281   40
 6.4331   43
 6.4381   32
 6.4431   34
 6.4481   33
 6.4531   25
 6.4581   42
 6.4631   25
 6.4681   25
 6.4731   40
 6.4781   38
 6.4831   28
 6.4881   35
 6.4931   28
 6.4981   28
 6.5031   35
 6.5081   24
 6.5131   28
 6.5181   29
 6.5231   33
 6.5281   33
 6.5331   30
 6.5381   26
 6.5431   22
 6.5481   32
 6.5531   33
 6.5581   37
 6.5631   26
 6.5681   24
 6.5731   28
 6.5781   34
 6.5831   29
 6.5881   27
 6.5931   28
 6.5981   27
 6.6031   21
 6.6081   23
 6.6131   23
 6.6181   27
 6.6231   27
 6.6281   23
 6.6331   32
 6.6381   23
 6.6431   26
 6.6481   26
 6.6531   21
 6.6581   26
 6.6631   26
 6.6681   39
 6.6731   27
 6.6781   23
 6.6831   28
 6.6881   26
 6.6931   21
 6.6981   23
 6.7031   31
 6.7081   31
 6.7131   41
 6.7181   21
 6.7231   22
 6.7281   22
 6.7331   30
 6.7381   33
 6.7431   25
 6.7481   28
 6.7531   30
 6.7581   23
 6.7631   25
 6.7681   29
 6.7731   26
 6.7781   27
 6.7831   30
 6.7881   34
 6.7931   22
 6.7981   24
 6.8031   19
 6.8081   25
 6.8131   26
 6.8181   23
 6.8231   29
 6.8281   30
 6.8331   28
 6.8381   34
 6.8431   28
 6.8481   31
 6.8531   28
 6.8581   27
 6.8631   15
 6.8681   24
 6.8731   32
 6.8781   21
 6.8831   29
 6.8881   19
 6.8931   24
 6.8981   31
 6.9031   17
 6.9081   28
 6.9131   23
 6.9181   22
 6.9231   22
 6.9281   19
 6.9331   25
 6.9381   25
 6.9431   18
 6.9481   26
 6.9531   27
 6.9581   25
 6.9631   24
 6.9681   26
 6.9731   29
 6.9781   24
 6.9831   30
 6.9881   23
 6.9931   28
 6.9981   29
 7.0031   28
 7.0081   30
 7.0131   27
 7.0181   24
 7.0231   21
 7.0281   30
 7.0331   31
 7.0381   31
 7.0431   35
 7.0481   30
 7.0531   26
 7.0581   19
 7.0631   24
 7.0681   26
 7.0731   23
 7.0781   28
 7.0831   27
 7.0881   25
 7.0931   26
 7.0981   23
 7.1031   32
 7.1081   25
 7.1131   38
 7.1181   17
 7.1231   27
 7.1281   26
 7.1331   22
 7.1381   30
 7.1431   32
 7.1481   22
 7.1531   19
 7.1581   31
 7.1631   28
 7.1681   25
 7.1731   16
 7.1781   33
 7.1831   23
 7.1881   31
 7.1931   22
 7.1981   34
 7.2031   36
 7.2081   20
 7.2131   15
 7.2181   17
 7.2231   23
 7.2281   15
 7.2331   23
 7.2381   24
 7.2431   25
 7.2481   20
 7.2531   28
 7.2581   24
 7.2631   20
 7.2681   32
 7.2731   29
 7.2781   17
 7.2831   36
 7.2881   28
 7.2931   21
 7.2981   16
 7.3031   35
 7.3081   26
 7.3131   22
 7.3181   27
 7.3231   27
 7.3281   28
 7.3331   24
 7.3381   31
 7.3431   23
 7.3481   20
 7.3531   24
 7.3581   20
 7.3631   27
 7.3681   27
 7.3731   12
 7.3781   23
 7.3831   22
 7.3881   24
 7.3931   24
 7.3981   21
 7.4031   23
 7.4081   16
 7.4131   27
 7.4181   26
 7.4231   18
 7.4281   16
 7.4331   24
 7.4381   23
 7.4431   20
 7.4481   24
 7.4531   19
 7.4581   34
 7.4631   21
 7.4681   23
 7.4731   24
 7.4781   35
 7.4831   21
 7.4881   22
 7.4931   23
 7.4981   19
 7.5031   20
 7.5081   26
 7.5131   23
 7.5181   19
 7.5231   20
 7.5281   27
 7.5331   22
 7.5381   20
 7.5431   25
 7.5481   18
 7.5531   19
 7.5581   20
 7.5631   23
 7.5681   19
 7.5731   24
 7.5781   24
 7.5831   25
 7.5881   26
 7.5931   27
 7.5981   27
 7.6031   28
 7.6081   29
 7.6131   23
 7.6181   31
 7.6231   28
 7.6281   23
 7.6331   19
 7.6381   18
 7.6431   28
 7.6481   18
 7.6531   29
 7.6581   25
 7.6631   29
 7.6681   26
 7.6731   34
 7.6781   15
 7.6831   15
 7.6881   18
 7.6931   18
 7.6981   27
 7.7031   21
 7.7081   27
 7.7131   22
 7.7181   20
 7.7231   15
 7.7281   20
 7.7331   20
 7.7381   30
 7.7431   24
 7.7481   19
 7.7531   26
 7.7581   24
 7.7631   23
 7.7681   27
 7.7731   17
 7.7781   20
 7.7831   20
 7.7881   20
 7.7931   21
 7.7981   22
 7.8031   20
 7.8081   14
 7.8131   16
 7.8181   20
 7.8231   17
 7.8281   24
 7.8331   13
 7.8381   24
 7.8431   25
 7.8481   29
 7.8531   21
 7.8581   23
 7.8631   21
 7.8681   17
 7.8731   23
 7.8781   17
 7.8831   20
 7.8881   22
 7.8931   22
 7.8981   24
 7.9031   35
 7.9081   24
 7.9131   27
 7.9181   18
 7.9231   29
 7.9281   28
 7.9331   15
 7.9381   26
 7.9431   21
 7.9481   23
 7.9531   20
 7.9581   21
 7.9631   37
 7.9681   27
 7.9731   30
 7.9781   26
 7.9831   23
 7.9881   18
 7.9931   22
 7.9981   23
 8.0031   19
 8.0081   27
 8.0131   21
 8.0181   22
 8.0231   28
 8.0281   20
 8.0331   22
 8.0381   22
 8.0431   28
 8.0481   21
 8.0531   29
 8.0581   22
 8.0631   26
 8.0681   26
 8.0731   22
 8.0781   20
 8.0831   27
 8.0881   22
 8.0931   16
 8.0981   28
 8.1031   13
 8.1081   19
 8.1131   12
 8.1181   26
 8.1231   24
 8.1281   24
 8.1331   28
 8.1381   15
 8.1431   25
 8.1481   26
 8.1531   19
 8.1581   22
 8.1631   17
 8.1681   25
 8.1731   13
 8.1781   24
 8.1831   28
 8.1881   16
 8.1931   23
 8.1981   25
 8.2031   22
 8.2081   24
 8.2131   16
 8.2181   29
 8.2231   25
 8.2281   16
 8.2331   25
 8.2381   15
 8.2431   22
 8.2481   16
 8.2531   24
 8.2581   14
 8.2631   32
 8.2681   26
 8.2731   22
 8.2781   11
 8.2831   21
 8.2881   27
 8.2931   21
 8.2981   19
 8.3031   23
 8.3081   18
 8.3131   14
 8.3181   26
 8.3231   17
 8.3281   24
 8.3331   20
 8.3381   18
 8.3431   15
 8.3481   22
 8.3531   16
 8.3581   15
 8.3631   12
 8.3681   16
 8.3731   23
 8.3781   20
 8.3831   27
 8.3881   20
 8.3931   15
 8.3981   19
 8.4031   21
 8.4081   21
 8.4131   23
 8.4181   31
 8.4231   22
 8.4281   22
 8.4331   17
 8.4381   25
 8.4431   15
 8.4481   19
 8.4531   27
 8.4581   16
 8.4631   19
 8.4681   17
 8.4731   23
 8.4781   19
 8.4831   23
 8.4881   18
 8.4931   16
 8.4981   21
 8.5031   23
 8.5081   24
 8.5131   21
 8.5181   27
 8.5231   18
 8.5281   19
 8.5331   26
 8.5381   22
 8.5431   26
 8.5481   21
 8.5531   19
 8.5581   25
 8.5631   20
 8.5681   18
 8.5731   26
 8.5781   20
 8.5831   13
 8.5881   22
 8.5931   19
 8.5981   20
 8.6031   25
 8.6081   15
 8.6131   16
 8.6181   19
 8.6231   19
 8.6281   23
 8.6331   24
 8.6381   20
 8.6431   16
 8.6481   19
 8.6531   19
 8.6581   20
 8.6631   23
 8.6681   16
 8.6731   22
 8.6781   18
 8.6831   19
 8.6881   23
 8.6931   18
 8.6981   13
 8.7031   16
 8.7081   22
 8.7131   18
 8.7181   20
 8.7231   16
 8.7281   17
 8.7331   21
 8.7381   24
 8.7431   22
 8.7481   18
 8.7531   16
 8.7581   10
 8.7631   12
 8.7681   16
 8.7731   24
 8.7781   15
 8.7831   16
 8.7881   20
 8.7931   26
 8.7981   22
 8.8031   23
 8.8081   16
 8.8131   22
 8.8181    8
 8.8231   15
 8.8281   16
 8.8331   21
 8.8381    9
 8.8431   18
 8.8481   20
 8.8531   16
 8.8581   20
 8.8631   21
 8.8681   13
 8.8731   24
 8.8781   22
 8.8831   15
 8.8881   13
 8.8931   17
 8.8981   17
 8.9031   19
 8.9081   14
 8.9131   20
 8.9181   28
 8.9231   20
 8.9281   21
 8.9331   21
 8.9381   22
 8.9431   19
 8.9481   24
 8.9531   17
 8.9581   19
 8.9631   18
 8.9681   19
 8.9731   24
 8.9781   29
 8.9831   11
 8.9881   23
 8.9931   14
 8.9981   21
 9.0031   19
 9.0081   17
 9.0131   25
 9.0181   21
 9.0231   15
 9.0281   14
 9.0331   19
 9.0381   25
 9.0431   17
 9.0481   13
 9.0531   24
 9.0581   17
 9.0631   18
 9.0681   15
 9.0731    8
 9.0781   13
 9.0831   15
 9.0881   16
 9.0931   19
 9.0981   25
 9.1031   14
 9.1081   23
 9.1131   23
 9.1181   18
 9.1231   16
 9.1281   12
 9.1331   14
 9.1381   23
 9.1431   23
 9.1481    8
 9.1531   24
 9.1581   18
 9.1631   17
 9.1681   17
 9.1731   21
 9.1781   23
 9.1831   19
 9.1881   12
 9.1931   26
 9.1981   24
 9.2031    7
 9.2081   10
 9.2131   15
 9.2181   21
 9.2231   17
 9.2281   16
 9.2331   28
 9.2381   20
 9.2431   19
 9.2481   15
 9.2531   18
 9.2581   13
 9.2631   15
 9.2681   22
 9.2731   22
 9.2781   19
 9.2831   26
 9.2881   16
 9.2931   19
 9.2981   17
 9.3031   13
 9.3081   12
 9.3131   13
 9.3181   13
 9.3231   26
 9.3281   23
 9.3331   12
 9.3381   22
 9.3431   23
 9.3481   13
 9.3531   17
 9.3581   21
 9.3631   21
 9.3681   16
 9.3731   17
 9.3781   17
 9.3831   20
 9.3881   16
 9.3931   15
 9.3981   18
 9.4031   19
 9.4081   21
 9.4131   12
 9.4181   13
 9.4231   15
 9.4281   10
 9.4331   18
 9.4381   19
 9.4431   19
 9.4481   14
 9.4531   15
 9.4581   20
 9.4631   10
 9.4681   15
 9.4731   25
 9.4781   12
 9.4831   16
 9.4881   16
 9.4931   14
 9.4981   27
 9.5031   14
 9.5081   16
 9.5131   20
 9.5181   23
 9.5231   12
 9.5281    9
 9.5331   17
 9.5381   18
 9.5431   21
 9.5481   15
 9.5531   18
 9.5581   19
 9.5631   15
 9.5681   15
 9.5731   13
 9.5781   21
 9.5831   16
 9.5881   11
 9.5931   11
 9.5981   14
 9.6031   20
 9.6081    9
 9.6131   12
 9.6181   19
 9.6231   15
 9.6281   11
 9.6331   19
 9.6381   17
 9.6431   22
 9.6481   19
 9.6531   18
 9.6581   18
 9.6631   21
 9.6681   14
 9.6731    9
 9.6781    8
 9.6831   17
 9.6881   14
 9.6931   13
 9.6981   17
 9.7031   17
 9.7081   17
 9.7131   18
 9.7181   18
 9.7231   27
 9.7281    9
 9.7331   13
 9.7381   11
 9.7431   16
 9.7481   14
 9.7531   16
 9.7581   22
 9.7631   14
 9.7681   13
 9.7731   16
 9.7781   13
 9.7831   18
 9.7881   10
 9.7931    7
 9.7981   18
 9.8031   22
 9.8081   14
 9.8131   22
 9.8181   23
 9.8231   13
 9.8281   23
 9.8331   18
 9.8381   15
 9.8431   15
 9.8481    6
 9.8531   12
 9.8581   15
 9.8631   15
 9.8681   22
 9.8731   14
 9.8781   16
 9.8831   12
 9.8881   16
 9.8931   15
 9.8981   11
 9.9031   20
 9.9081   14
 9.9131   21
 9.9181   20
 9.9231   10
 9.9281   19
 9.9331   11
 9.9381   12
 9.9431   16
 9.9481   18
 9.9531   14
 9.9581   20
 9.9631   17
 9.9681   13
 9.9731   18
 9.9781   11
 9.9831   20
 9.9881    9
 9.9931   15
 9.9981   12
10.0031   13
10.0081   18
10.0131   13
10.0181   17
10.0231   10
10.0281    8
10.0331   20
10.0381   17
10.0431   14
10.0481   24
10.0531   20
10.0581    9
10.0631   17
10.0681   11
10.0731   12
10.0781    7
10.0831    8
10.0881   15
10.0931   18
10.0981   15
10.1031   18
10.1081   13
10.1131   17
10.1181   12
10.1231   11
10.1281   19
10.1331   15
10.1381   14
10.1431   13
10.1481   16
10.1531   16
10.1581   16
10.1631   14
10.1681   14
10.1731   15
10.1781   14
10.1831   19
10.1881   20
10.1931   11
10.1981   12
10.2031   10
10.2081   11
10.2131   18
10.2181   11
10.2231   14
10.2281    9
10.2331   18
10.2381   16
10.2431   21
10.2481   12
10.2531   23
10.2581   13
10.2631   14
10.2681   14
10.2731   20
10.2781   13
10.2831   17
10.2881   14
10.2931   17
10.2981   17
10.3031   21
10.3081   13
10.3131   11
10.3181   10
10.3231   20
10.3281   14
10.3331   17
10.3381   12
10.3431    7
10.3481   14
10.3531   18
10.3581    9
10.3631   19
10.3681   12
10.3731   11
10.3781    9
10.3831   12
10.3881   17
10.3931   12
10.3981   12
10.4031   15
10.4081   14
10.4131   10
10.4181   17
10.4231    6
10.4281    9
10.4331   15
10.4381   15
10.4431   11
10.4481   11
10.4531   10
10.4581   14
10.4631   18
10.4681   17
10.4731   10
10.4781   21
10.4831   17
10.4881    9
10.4931   19
10.4981   15
10.5031   11
10.5081   11
10.5131   17
10.5181    8
10.5231   11
10.5281   14
10.5331   13
10.5381   19
10.5431   15
10.5481   14
10.5531   15
10.5581   19
10.5631   11
10.5681   22
10.5731   12
10.5781   12
10.5831   14
10.5881   14
10.5931   11
10.5981   11
10.6031   13
10.6081    6
10.6131   14
10.6181   14
10.6231   17
10.6281   12
10.6331   12
10.6381   22
10.6431    7
10.6481   16
10.6531   18
10.6581   11
10.6631   16
10.6681   12
10.6731    8
10.6781   16
10.6831   12
10.6881    8
10.6931   12
10.6981   13
10.7031   23
10.7081   17
10.7131   15
10.7181    8
10.7231   18
10.7281   11
10.7331   10
10.7381   17
10.7431   15
10.7481   19
10.7531   10
10.7581   16
10.7631    9
10.7681   10
10.7731   14
10.7781   16
10.7831   18
10.7881   21
10.7931   12
10.7981   11
10.8031    8
10.8081   16
10.8131   14
10.8181    9
10.8231   16
10.8281   17
10.8331   15
10.8381   13
10.8431   12
10.8481   12
10.8531   11
10.8581   15
10.8631   12
10.8681   10
10.8731   11
10.8781   11
10.8831   10
10.8881    9
10.8931    6
10.8981   15
10.9031   10
10.9081   11
10.9131   17
10.9181   13
10.9231    9
10.9281   12
10.9331   16
10.9381   14
10.9431   11
10.9481   15
10.9531   11
10.9581    8
10.9631   10
10.9681   14
10.9731    7
10.9781   13
10.9831    9
10.9881   10
10.9931   12
10.9981   19
11.0031   21
11.0081   10
11.0131   16
11.0181   16
11.0231    9
11.0281   10
11.0331    8
11.0381   14
11.0431   12
11.0481   17
11.0531   15
11.0581   12
11.0631   11
11.0681   13
11.0731   18
11.0781   11
11.0831   13
11.0881    9
11.0931   11
11.0981    8
11.1031    6
11.1081   11
11.1131    9
11.1181   10
11.1231   17
11.1281   19
11.1331    6
11.1381   12
11.1431   19
11.1481   12
11.1531   11
11.1581   15
11.1631   23
11.1681   13
11.1731    9
11.1781   18
11.1831   13
11.1881    5
11.1931   10
11.1981   13
11.2031   14
11.2081   11
11.2131   11
11.2181   10
11.2231    8
11.2281   14
11.2331   11
11.2381   12
11.2431   16
11.2481    9
11.2531   11
11.2581   12
11.2631   12
11.2681    9
11.2731   17
11.2781   15
11.2831   10
11.2881   14
11.2931   16
11.2981    7
11.3031   10
11.3081   14
11.3131   13
11.3181   12
11.3231   12
11.3281   11
11.3331    5
11.3381   14
11.3431    5
11.3481   12
11.3531   15
11.3581    9
11.3631   17
11.3681   15
11.3731    5
11.3781   11
11.3831   14
11.3881    8
11.3931   13
11.3981   13
11.4031   16
11.4081   11
11.4131   11
11.4181   11
11.4231   15
11.4281   13
11.4331   11
11.4381    9
11.4431    9
11.4481   10
11.4531    9
11.4581   10
11.4631    9
11.4681   12
11.4731    6
11.4781   16
11.4831   10
11.4881   10
11.4931   13
11.4981    9
11.5031   11
11.5081   16
11.5131   11
11.5181   10
11.5231   12
11.5281   11
11.5331   13
11.5381   10
11.5431   20
11.5481    7
11.5531   18
11.5581   15
11.5631   13
11.5681    8
11.5731   12
11.5781   15
11.5831   19
11.5881   13
11.5931   10
11.5981    9
11.6031    7
11.6081    7
11.6131    7
11.6181   14
11.6231    8
11.6281    9
11.6331   12
11.6381   11
11.6431   14
11.6481   15
11.6531   14
11.6581   11
11.6631   10
11.6681   16
11.6731   11
11.6781   14
11.6831   10
11.6881   13
11.6931    5
11.6981   14
11.7031   10
11.7081   11
11.7131   13
11.7181    5
11.7231   13
11.7281   11
11.7331   15
11.7381    9
11.7431    3
11.7481   12
11.7531   10
11.7581    8
11.7631   12
11.7681    5
11.7731   11
11.7781   10
11.7831   11
11.7881   16
11.7931   11
11.7981    9
11.8031   10
11.8081   18
11.8131   15
11.8181   15
11.8231   15
11.8281   12
11.8331    8
11.8381   11
11.8431    8
11.8481    8
11.8531   12
11.8581   12
11.8631    8
11.8681    7
11.8731    9
11.8781    7
11.8831   15
11.8881    8
11.8931    9
11.8981   14
11.9031   10
11.9081   11
11.9131   14
11.9181   17
11.9231   11
11.9281   16
11.9331   14
11.9381    4
11.9431    5
11.9481   14
11.9531   14
11.9581   16
11.9631    8
11.9681    6
11.9731    6
11.9781   11
11.9831   11
11.9881   17
11.9931   12
11.9981    8
12.0031   12
12.0081    6
12.0131    8
12.0181   10
12.0231   11
12.0281    3
12.0331    8
12.0381   11
12.0431    7
12.0481   19
12.0531    4
12.0581   12
12.0631    9
12.0681    8
12.0731    8
12.0781    5
12.0831   17
12.0881    7
12.0931    8
12.0981   12
12.1031   11
12.1081    8
12.1131    5
12.1181    6
12.1231    7
12.1281    8
12.1331    9
12.1381   14
12.1431    9
12.1481    9
12.1531    6
12.1581    5
12.1631   13
12.1681   11
12.1731    7
12.1781    7
12.1831   13
12.1881    6
12.1931    6
12.1981   12
12.2031    5
12.2081    5
12.2131    9
12.2181   13
12.2231    4
12.2281    6
12.2331   16
12.2381    9
12.2431   10
12.2481    8
12.2531   13
12.2581   11
12.2631   10
12.2681   10
12.2731   19
12.2781   14
12.2831   16
12.2881    5
12.2931   13
12.2981    6
12.3031   12
12.3081    5
12.3131    8
12.3181   12
12.3231   14
12.3281    8
12.3331    7
12.3381   15
12.3431   10
12.3481   12
12.3531    9
12.3581    8
12.3631   15
12.3681    9
12.3731   13
12.3781   15
12.3831   12
12.3881   12
12.3931    6
12.3981   11
12.4031   12
12.4081    7
12.4131    9
12.4181   15
12.4231    9
12.4281   12
12.4331   12
12.4381    8
12.4431    7
12.4481    5
12.4531    5
12.4581   15
12.4631    8
12.4681    8
12.4731    7
12.4781    6
12.4831    5
12.4881    8
12.4931    5
12.4981   10
12.5031    6
12.5081    7
12.5131    9
12.5181    7
12.5231    8
12.5281    8
12.5331    7
12.5381   11
12.5431    9
12.5481    6
12.5531   10
12.5581   11
12.5631    5
12.5681    8
12.5731   11
12.5781    8
12.5831    7
12.5881   18
12.5931   13
12.5981    8
12.6031    6
12.6081    2
12.6131    8
12.6181    8
12.6231    6
12.6281   10
12.6331    9
12.6381   13
12.6431   10
12.6481    8
12.6531   10
12.6581   12
12.6631   14
12.6681    2
12.6731   16
12.6781    9
12.6831    6
12.6881    8
12.6931    7
12.6981    9
12.7031    7
12.7081   13
12.7131    7
12.7181    8
12.7231    9
12.7281   10
12.7331   12
12.7381   11
12.7431    6
12.7481    6
12.7531    7
12.7581    5
12.7631    8
12.7681    6
12.7731    8
12.7781    9
12.7831    6
12.7881    9
12.7931    7
12.7981    6
12.8031    8
12.8081    5
12.8131    7
12.8181    4
12.8231   13
12.8281    8
12.8331    9
12.8381   11
12.8431    9
12.8481    9
12.8531    7
12.8581    7
12.8631    5
12.8681    5
12.8731    6
12.8781   11
12.8831   13
12.8881   12
12.8931   15
12.8981    7
12.9031   11
12.9081    8
12.9131    8
12.9181    6
12.9231    3
12.9281   14
12.9331    5
12.9381    4
12.9431    9
12.9481    6
12.9531    8
12.9581   11
12.9631   10
12.9681    7
12.9731   16
12.9781    4
12.9831    8
12.9881    6
12.9931   11
12.9981   10
13.0031   11
13.0081   11
13.0131    7
13.0181    4
13.0231    5
13.0281   10
13.0331    8
13.0381   10
13.0431    8
13.0481   11
13.0531    8
13.0581    6
13.0631    7
13.0681    9
13.0731    9
13.0781    8
13.0831    2
13.0881   11
13.0931    9
13.0981    3
13.1031    4
13.1081    6
13.1131    9
13.1181    9
13.1231    9
13.1281   13
13.1331   10
13.1381    9
13.1431    8
13.1481    8
13.1531   10
13.1581    5
13.1631    3
13.1681    6
13.1731    8
13.1781    7
13.1831    8
13.1881    9
13.1931    7
13.1981    6
13.2031    8
13.2081   11
13.2131    7
13.2181    6
13.2231    6
13.2281   10
13.2331    9
13.2381    9
13.2431    3
13.2481    3
13.2531    7
13.2581   11
13.2631    2
13.2681    2
13.2731    8
13.2781   10
13.2831    6
13.2881    6
13.2931    8
13.2981   12
13.3031   12
13.3081    8
13.3131   12
13.3181    7
13.3231    7
13.3281    7
13.3331    6
13.3381   14
13.3431    6
13.3481    6
13.3531    5
13.3581    6
13.3631    9
13.3681    9
13.3731    8
13.3781    4
13.3831   13
13.3881   10
13.3931    6
13.3981    5
13.4031    8
13.4081    4
13.4131    7
13.4181    4
13.4231    4
13.4281   13
13.4331   10
13.4381    6
13.4431    8
13.4481    4
13.4531    9
13.4581   12
13.4631    5
13.4681    8
13.4731   10
13.4781   10
13.4831    7
13.4881    6
13.4931    7
13.4981    5
13.5031    7
13.5081    5
13.5131    2
13.5181    3
13.5231   10
13.5281    6
13.5331    6
13.5381    5
13.5431    6
13.5481    8
13.5531    5
13.5581    5
13.5631   11
13.5681    3
13.5731    6
13.5781    6
13.5831    9
13.5881    9
13.5931    7
13.5981   10
13.6031    9
13.6081   10
13.6131    6
13.6181   10
13.6231    9
13.6281    5
13.6331    5
13.6381    6
13.6431    6
13.6481   10
13.6531    7
13.6581    9
13.6631    4
13.6681   11
13.6731    5
13.6781    7
13.6831    3
13.6881    8
13.6931    6
13.6981    9
13.7031    6
13.7081    7
13.7131    5
13.7181    5
13.7231   10
13.7281    5
13.7331    8
13.7381    6
13.7431    7
13.7481    9
13.7531    6
13.7581    6
13.7631    6
13.7681    8
13.7731    6
13.7781   10
13.7831    5
13.7881   10
13.7931    3
13.7981    9
13.8031    5
13.8081    5
13.8131   10
13.8181    8
13.8231    8
13.8281   14
13.8331    8
13.8381    2
13.8431    4
13.8481    7
13.8531   11
13.8581   10
13.8631    2
13.8681   11
13.8731    6
13.8781    8
13.8831    8
13.8881    4
13.8931    6
13.8981    8
13.9031    6
13.9081    5
13.9131    6
13.9181    8
13.9231    6
13.9281    7
13.9331    6
13.9381    3
13.9431    6
13.9481    4
13.9531    4
13.9581    6
13.9631    5
13.9681    7
13.9731   13
13.9781    5
13.9831    7
13.9881    9
13.9931    7
13.9981    3
14.0031    7
14.0081    7
14.0131    5
14.0181    9
14.0231    5
14.0281    5
14.0331   10
14.0381    7
14.0431    3
14.0481    6
14.0531   11
14.0581    9
14.0631    4
14.0681    3
14.0731    7
14.0781    6
14.0831    6
14.0881    7
14.0931   10
14.0981    7
14.1031    4
14.1081    9
14.1131    6
14.1181    5
14.1231   11
14.1281    6
14.1331    3
14.1381    9
14.1431   13
14.1481    6
14.1531    5
14.1581    6
14.1631    4
14.1681    7
14.1731    2
14.1781   10
14.1831    6
14.1881    8
14.1931    6
14.1981    4
14.2031    7
14.2081    6
14.2131    8
14.2181    8
14.2231    9
14.2281    9
14.2331    4
14.2381    8
14.2431    4
14.2481    6
14.2531    3
14.2581    3
14.2631    2
14.2681    2
14.2731    8
14.2781   10
14.2831    3
14.2881    5
14.2931    6
14.2981    4
14.3031    7
14.3081    4
14.3131    3
14.3181    6
14.3231    4
14.3281    3
14.3331    3
14.3381    9
14.3431    6
14.3481    5
14.3531    8
14.3581    3
14.3631   12
14.3681    4
14.3731    6
14.3781    6
14.3831    9
14.3881    4
14.3931    7
14.3981    5
14.4031    6
14.4081    8
14.4131    8
14.4181    4
14.4231   11
14.4281    5
14.4331    9
14.4381    8
14.4431   10
14.4481    9
14.4531    9
14.4581    7
14.4631    6
14.4681    5
14.4731    8
14.4781    7
14.4831    7
14.4881    4
14.4931    4
14.4981    8
14.5031    3
14.5081    5
14.5131    9
14.5181    3
14.5231    2
14.5281    7
14.5331    7
14.5381    7
14.5431    6
14.5481    5
14.5531    6
14.5581    8
14.5631    8
14.5681    5
14.5731    6
14.5781    8
14.5831    5
14.5881    2
14.5931    8
14.5981    6
14.6031    3
14.6081    6
14.6131    7
14.6181    2
14.6231    5
14.6281   10
14.6331    2
14.6381    8
14.6431    3
14.6481    5
14.6531    2
14.6581    9
14.6631    4
14.6681    4
14.6731    5
14.6781    7
14.6831    4
14.6881    8
14.6931    4
14.6981    4
14.7031   10
14.7081    5
14.7131    6
14.7181    7
14.7231    2
14.7281   10
14.7331    6
14.7381    6
14.7431    9
14.7481    6
14.7531    5
14.7581    7
14.7631    5
14.7681    8
14.7731    9
14.7781   11
14.7831    5
14.7881    6
14.7931    4
14.7981    2
14.8031    5
14.8081    3
14.8131   12
14.8181    6
14.8231    9
14.8281    4
14.8331    5
14.8381    7
14.8431    1
14.8481    9
14.8531    9
14.8581    4
14.8631   10
14.8681    9
14.8731    4
14.8781    6
14.8831    3
14.8881    5
14.8931    5
14.8981    5
14.9031    4
14.9081    6
14.9131    1
14.9181    3
14.9231    2
14.9281    6
14.9331    7
14.9381    4
14.9431   10
14.9481    7
14.9531    5
14.9581    6
14.9631    4
14.9681    4
14.9731    9
14.9781    7
14.9831    5
14.9881    6
14.9931    3
14.9981    6
15.0031    3
15.0081    8
15.0131    6
15.0181    3
15.0231    6
15.0281    5
15.0331    8
15.0381    5
15.0431    5
15.0481    4
15.0531    9
15.0581    2
15.0631    1
15.0681    6
15.0731    8
15.0781    8
15.0831    5
15.0881    4
15.0931    8
15.0981    5
15.1031    3
15.1081    7
15.1131    6
15.1181   13
15.1231    4
15.1281    2
15.1331    7
15.1381    3
15.1431    5
15.1481    5
15.1531    6
15.1581    5
15.1631    2
15.1681    4
15.1731    4
15.1781    3
15.1831    6
15.1881    2
15.1931    9
15.1981    6
15.2031    5
15.2081    3
15.2131    9
15.2181   10
15.2231    3
15.2281    9
15.2331    7
15.2381    4
15.2431    5
15.2481    5
15.2531    9
15.2581    3
15.2631    5
15.2681   11
15.2731    4
15.2781    4
15.2831    9
15.2881    7
15.2931    6
15.2981    3
15.3031    7
15.3081    8
15.3131    5
15.3181    4
15.3231   10
15.3281    3
15.3331    6
15.3381    6
15.3431    6
15.3481    3
15.3531    4
15.3581    5
15.3631    2
15.3681    4
15.3731    7
15.3781    5
15.3831    2
15.3881    3
15.3931    5
15.3981    3
15.4031    6
15.4081    2
15.4131    0
15.4181    6
15.4231    6
15.4281    6
15.4331    6
15.4381    4
15.4431    5
15.4481    8
15.4531    2
15.4581    7
15.4631    1
15.4681    7
15.4731    8
15.4781    4
15.4831    4
15.4881    9
15.4931    3
15.4981    6
15.5031    2
15.5081    4
15.5131    2
15.5181    4
15.5231    2
15.5281    6
15.5331    2
15.5381    3
15.5431    6
15.5481    4
15.5531    4
15.5581    5
15.5631    4
15.5681    0
15.5731    6
15.5781    8
15.5831    8
15.5881    4
15.5931    5
15.5981    2
15.6031    7
15.6081    6
15.6131    4
15.6181    6
15.6231    5
15.6281    5
15.6331    2
15.6381    4
15.6431    5
15.6481    8
15.6531    7
15.6581    7
15.6631    5
15.6681    6
15.6731    7
15.6781    4
15.6831   10
15.6881    4
15.6931    6
15.6981    3
15.7031    5
15.7081    5
15.7131    7
15.7181    5
15.7231    4
15.7281    8
15.7331    7
15.7381    5
15.7431    2
15.7481    8
15.7531    7
15.7581    2
15.7631    5
15.7681    6
15.7731    5
15.7781    2
15.7831    7
15.7881    6
15.7931    3
15.7981    3
15.8031    6
15.8081    8
15.8131    3
15.8181    3
15.8231    7
15.8281    5
15.8331    3
15.8381    2
15.8431    7
15.8481    7
15.8531    4
15.8581    3
15.8631    3
15.8681    5
15.8731    5
15.8781    2
15.8831    6
15.8881    4
15.8931    5
15.8981    4
15.9031    4
15.9081    4
15.9131    5
15.9181    2
15.9231    9
15.9281    5
15.9331    4
15.9381    4
15.9431    1
15.9481    2
15.9531    5
15.9581    3
15.9631    6
15.9681    4
15.9731    3
15.9781    3
15.9831    4
15.9881    8
15.9931    6
15.9981    5
16.0031    7
16.0081    6
16.0131    3
16.0181    6
16.0231    1
16.0281    1
16.0331    4
16.0381    5
16.0431    6
16.0481    4
16.0531    4
16.0581    4
16.0631    2
16.0681    6
16.0731    2
16.0781    6
16.0831    4
16.0881    8
16.0931    3
16.0981    4
16.1031    5
16.1081    1
16.1131    1
16.1181    3
16.1231    1
16.1281    5
16.1331    1
16.1381    5
16.1431    4
16.1481    9
16.1531    4
16.1581    6
16.1631    5
16.1681    5
16.1731    0
16.1781    1
16.1831    2
16.1881    9
16.1931    9
16.1981    2
16.2031    4
16.2081    6
16.2131    7
16.2181    6
16.2231    4
16.2281    4
16.2331    5
16.2381    2
16.2431    6
16.2481    8
16.2531    3
16.2581    4
16.2631    2
16.2681    1
16.2731    3
16.2781    2
16.2831    8
16.2881    5
16.2931    5
16.2981    5
16.3031    9
16.3081    6
16.3131    3
16.3181    3
16.3231    4
16.3281    1
16.3331    4
16.3381    5
16.3431    6
16.3481    6
16.3531    4
16.3581    3
16.3631    5
16.3681    3
16.3731    2
16.3781    3
16.3831    5
16.3881    7
16.3931    3
16.3981    6
16.4031    5
16.4081    3
16.4131    5
16.4181    3
16.4231    2
16.4281    9
16.4331    7
16.4381    8
16.4431    4
16.4481    3
16.4531    7
16.4581    6
16.4631    6
16.4681    3
16.4731    9
16.4781    4
16.4831    3
16.4881    2
16.4931    4
16.4981    7
16.5031    2
16.5081    1
16.5131    7
16.5181    5
16.5231    5
16.5281    5
16.5331    4
16.5381    3
16.5431    3
16.5481    2
16.5531    1
16.5581    3
16.5631    3
16.5681    4
16.5731    6
16.5781    3
16.5831    1
16.5881    5
16.5931    3
16.5981    3
16.6031    2
16.6081    3
16.6131    0
16.6181    4
16.6231    6
16.6281    3
16.6331    5
16.6381    2
16.6431    4
16.6481    2
16.6531    7
16.6581    4
16.6631    4
16.6681    1
16.6731    2
16.6781    7
16.6831    8
16.6881    7
16.6931    8
16.6981    3
16.7031    5
16.7081    1
16.7131    8
16.7181    3
16.7231    2
16.7281    2
16.7331    4
16.7381    5
16.7431    5
16.7481    2
16.7531    4
16.7581    3
16.7631    2
16.7681    5
16.7731    6
16.7781    3
16.7831    3
16.7881    4
16.7931    4
16.7981    4
16.8031    0
16.8081    0
16.8131    1
16.8181    4
16.8231    2
16.8281    2
16.8331    1
16.8381    8
16.8431    4
16.8481    2
16.8531    3
16.8581    2
16.8631    3
16.8681    2
16.8731    3
16.8781    3
16.8831    3
16.8881    3
16.8931    2
16.8981    4
16.9031    2
16.9081    3
16.9131    2
16.9181    1
16.9231    6
16.9281    7
16.9331    0
16.9381    4
16.9431    4
16.9481    3
16.9531    6
16.9581    2
16.9631    2
16.9681    3
16.9731    4
16.9781    2
16.9831    0
16.9881    4
16.9931    4
16.9981    4
17.0031    3
17.0081    4
17.0131    3
17.0181    4
17.0231    3
17.0281    4
17.0331    4
17.0381    1
17.0431    2
17.0481    4
17.0531    3
17.0581    2
17.0631    5
17.0681    5
17.0731    5
17.0781    4
17.0831    5
17.0881    6
17.0931    4
17.0981    4
17.1031    3
17.1081    4
17.1131    5
17.1181    5
17.1231    7
17.1281    3
17.1331    5
17.1381    4
17.1431    3
17.1481    0
17.1531    4
17.1581    2
17.1631    0
17.1681    2
17.1731    4
17.1781    2
17.1831    7
17.1881    2
17.1931    1
17.1981    3
17.2031    2
17.2081    1
17.2131    2
17.2181    2
17.2231    3
17.2281    6
17.2331    3
17.2381    3
17.2431    5
17.2481    6
17.2531    5
17.2581    3
17.2631    2
17.2681    1
17.2731    1
17.2781    0
17.2831    3
17.2881    1
17.2931    1
17.2981    6
17.3031    2
17.3081    3
17.3131    5
17.3181    3
17.3231    4
17.3281    5
17.3331    5
17.3381    6
17.3431    3
17.3481    6
17.3531    2
17.3581    3
17.3631    1
17.3681    4
17.3731    5
17.3781    1
17.3831    0
17.3881    4
17.3931    2
17.3981    5
17.4031    3
17.4081    3
17.4131    2
17.4181    2
17.4231    5
17.4281    2
17.4331    0
17.4381    4
17.4431    3
17.4481    5
17.4531    0
17.4581    5
17.4631    1
17.4681    3
17.4731    9
17.4781    4
17.4831    4
17.4881    4
17.4931    1
17.4981    3
17.5031    2
17.5081    4
17.5131    1
17.5181    0
17.5231    2
17.5281    7
17.5331    1
17.5381    1
17.5431    3
17.5481    1
17.5531    1
17.5581    5
17.5631    2
17.5681    4
17.5731    1
17.5781    1
17.5831    1
17.5881    3
17.5931    5
17.5981    6
17.6031    4
17.6081    3
17.6131    2
17.6181    3
17.6231    6
17.6281    1
17.6331    5
17.6381    5
17.6431    1
17.6481    3
17.6531    4
17.6581    3
17.6631    3
17.6681    1
17.6731    3
17.6781    3
17.6831    6
17.6881    1
17.6931    5
17.6981    1
17.7031    5
17.7081    4
17.7131    2
17.7181    2
17.7231    4
17.7281    1
17.7331    1
17.7381    2
17.7431    4
17.7481    2
17.7531    3
17.7581    3
17.7631    1
17.7681    3
17.7731    2
17.7781    2
17.7831    7
17.7881    3
17.7931    0
17.7981    2
17.8031    2
17.8081    6
17.8131    1
17.8181    2
17.8231    3
17.8281    3
17.8331    7
17.8381    1
17.8431    5
17.8481    1
17.8531    3
17.8581    4
17.8631    2
17.8681    3
17.8731    5
17.8781    0
17.8831    1
17.8881    5
17.8931    5
17.8981    1
17.9031    2
17.9081    4
17.9131    2
17.9181    3
17.9231    2
17.9281    2
17.9331    1
17.9381    1
17.9431    3
17.9481    2
17.9531    2
17.9581    5
17.9631    4
17.9681    4
17.9731    0
17.9781    2
17.9831    0
17.9881    1
17.9931    2
17.9981    4
18.0031    4
18.0081    2
18.0131    6
18.0181    2
18.0231    3
18.0281    4
18.0331    1
18.0381    2
18.0431    2
18.0481    1
18.0531    3
18.0581    3
18.0631    2
18.0681    2
18.0731    2
18.0781    1
18.0831    1
18.0881    3
18.0931    1
18.0981    5
18.1031    1
18.1081    3
18.1131    3
18.1181    1
18.1231    2
18.1281    2
18.1331    2
18.1381    5
18.1431    4
18.1481    0
18.1531    3
18.1581    3
18.1631    2
18.1681    3
18.1731    0
18.1781    1
18.1831    5
18.1881    2
18.1931    2
18.1981    6
18.2031    1
18.2081    4
18.2131    1
18.2181    3
18.2231    1
18.2281    2
18.2331    1
18.2381    2
18.2431    0
18.2481    3
18.2531    1
18.2581    3
18.2631    5
18.2681    2
18.2731    1
18.2781    1
18.2831    3
18.2881    2
18.2931    1
18.2981    0
18.3031    1
18.3081    4
18.3131    3
18.3181    2
18.3231    6
18.3281    1
18.3331    2
18.3381    4
18.3431    3
18.3481    2
18.3531    4
18.3581    1
18.3631    4
18.3681    2
18.3731    3
18.3781    4
18.3831    0
18.3881    3
18.3931    1
18.3981    0
18.4031    2
18.4081    0
18.4131    3
18.4181    0
18.4231    3
18.4281    3
18.4331    2
18.4381    1
18.4431    1
18.4481    2
18.4531    1
18.4581    4
18.4631    2
18.4681    3
18.4731    5
18.4781    2
18.4831    2
18.4881    3
18.4931    2
18.4981    2
18.5031    2
18.5081    2
18.5131    1
18.5181    2
18.5231    3
18.5281    2
18.5331    0
18.5381    5
18.5431    3
18.5481    3
18.5531    1
18.5581    4
18.5631    1
18.5681    3
18.5731    2
18.5781    3
18.5831    1
18.5881    2
18.5931    5
18.5981    0
18.6031    1
18.6081    1
18.6131    4
18.6181    0
18.6231    4
18.6281    2
18.6331    1
18.6381    5
18.6431    6
18.6481    4
18.6531    2
18.6581    1
18.6631    1
18.6681    3
18.6731    0
18.6781    0
18.6831    1
18.6881    2
18.6931    2
18.6981    2
18.7031    1
18.7081    2
18.7131    3
18.7181    3
18.7231    4
18.7281    1
18.7331    2
18.7381    2
18.7431    4
18.7481    6
18.7531    2
18.7581    0
18.7631    2
18.7681    0
18.7731    3
18.7781    3
18.7831    4
18.7881    1
18.7931    3
18.7981    1
18.8031    0
18.8081    2
18.8131    4
18.8181    2
18.8231    1
18.8281    5
18.8331    2
18.8381    1
18.8431    2
18.8481    3
18.8531    4
18.8581    2
18.8631    1
18.8681    1
18.8731    1
18.8781    2
18.8831    4
18.8881    2
18.8931    2
18.8981    1
18.9031    5
18.9081    2
18.9131    3
18.9181    1
18.9231    3
18.9281    1
18.9331    3
18.9381    2
18.9431    4
18.9481    1
18.9531    2
18.9581    2
18.9631    1
18.9681    0
18.9731    1
18.9781    2
18.9831    3
18.9881    0
18.9931    1
18.9981    1
19.0031    4
19.0081    0
19.0131    1
19.0181    1
19.0231    0
19.0281    0
19.0331    2
19.0381    2
19.0431    2
19.0481    3
19.0531    1
19.0581    1
19.0631    2
19.0681    3
19.0731    0
19.0781    3
19.0831    2
19.0881    3
19.0931    3
19.0981    0
19.1031    0
19.1081    0
19.1131    1
19.1181    1
19.1231    1
19.1281    1
19.1331    0
19.1381    3
19.1431    3
19.1481    0
19.1531    1
19.1581    0
19.1631    2
19.1681    0
19.1731    3
19.1781    4
19.1831    3
19.1881    1
19.1931    1
19.1981    1
19.2031    0
19.2081    1
19.2131    2
19.2181    1
19.2231    2
19.2281    0
19.2331    1
19.2381    0
19.2431    1
19.2481    1
19.2531    2
19.2581    2
19.2631    0
19.2681    1
19.2731    0
19.2781    1
19.2831    0
19.2881    0
19.2931    2
19.2981    0
19.3031    3
19.3081    3
19.3131    1
19.3181    1
19.3231    2
19.3281    2
19.3331    2
19.3381    1
19.3431    2
19.3481    3
19.3531    1
19.3581    1
19.3631    2
19.3681    3
19.3731    1
19.3781    1
19.3831    2
19.3881    3
19.3931    4
19.3981    0
19.4031    2
19.4081    1
19.4131    1
19.4181    0
19.4231    2
19.4281    3
19.4331    0
19.4381    1
19.4431    3
19.4481    2
19.4531    1
19.4581    3
19.4631    1
19.4681    1
19.4731    2
19.4781    1
19.4831    1
19.4881    2
19.4931    1
19.4981    0
19.5031    2
19.5081    1
19.5131    4
19.5181    3
19.5231    2
19.5281    1
19.5331    3
19.5381    0
19.5431    2
19.5481    4
19.5531    1
19.5581    0
19.5631    3
19.5681    3
19.5731    0
19.5781    5
19.5831    1
19.5881    2
19.5931    3
19.5981    0
19.6031    1
19.6081    3
19.6131    0
19.6181    1
19.6231    2
19.6281    2
19.6331    2
19.6381    5
19.6431    1
19.6481    0
19.6531    4
19.6581    1
19.6631    4
19.6681    0
19.6731    2
19.6781    1
19.6831    1
19.6881    1
19.6931    0
19.6981    1
19.7031    1
19.7081    0
19.7131    2
19.7181    1
19.7231    1
19.7281    3
19.7331    2
19.7381    2
19.7431    1
19.7481    1
19.7531    1
19.7581    0
19.7631    4
19.7681    2
19.7731    3
19.7781    1
19.7831    0
19.7881    0
19.7931    3
19.7981    1
19.8031    1
19.8081    1
19.8131    1
19.8181    3
19.8231    0
19.8281    2
19.8331    2
19.8381    2
19.8431    1
19.8481    2
19.8531    2
19.8581    0
19.8631    3
19.8681    1
19.8731    2
19.8781    0
19.8831    1
19.8881    1
19.8931    0
19.8981    2
19.9031    2
19.9081    1
19.9131    2
19.9181    1
19.9231    1
19.9281    2
19.9331    0
19.9381    0
19.9431    0
19.9481    1
19.9531    1
19.9581    0
19.9631    1
19.9681    1
19.9731    0
19.9781    0
19.9831    1
19.9881    2
19.9931    3
19.9981    2
