Bruker Nano GmbH Berlin, Germany
Esprit 1.9

Date: 9/14/2017 8:02:02 PM
Real time: 37120
Life time: 33050
Pulse density: 7570

Primary energy: 30
Take off angle: 35
Tilt angle: 0
Azimut angle: 45

Detector type: XFlash 6|30
Window type: slew AP3.3
Detector thickness: 0.45
Si dead layer:0.029

Calibration, lin.: 5
Calibration, abs.: -476.9
Mn FWHM: 126.486
Fano factor: 0.11
Channels: 4096

Energy Counts
-0.4769    0
-0.4719    0
-0.4669    0
-0.4619    0
-0.4569    0
-0.4519    0
-0.4469    0
-0.4419    0
-0.4369    0
-0.4319    0
-0.4269    0
-0.4219    0
-0.4169    0
-0.4119    0
-0.4069    0
-0.4019    0
-0.3969    0
-0.3919    0
-0.3869    0
-0.3819    0
-0.3769    0
-0.3719    0
-0.3669    0
-0.3619    0
-0.3569    0
-0.3519    0
-0.3469    0
-0.3419    0
-0.3369    0
-0.3319    0
-0.3269    0
-0.3219    0
-0.3169    0
-0.3119    0
-0.3069    0
-0.3019    0
-0.2969    0
-0.2919    0
-0.2869    0
-0.2819    0
-0.2769    0
-0.2719    0
-0.2669    0
-0.2619    0
-0.2569    0
-0.2519    0
-0.2469    0
-0.2419    0
-0.2369    0
-0.2319    0
-0.2269    0
-0.2219    0
-0.2169    0
-0.2119    0
-0.2069    0
-0.2019    0
-0.1969    0
-0.1919    0
-0.1869    0
-0.1819    0
-0.1769    0
-0.1719    0
-0.1669    0
-0.1619    0
-0.1569    0
-0.1519    0
-0.1469    0
-0.1419    0
-0.1369    0
-0.1319    0
-0.1269    0
-0.1219    0
-0.1169    0
-0.1119    0
-0.1069    0
-0.1019    0
-0.0969    0
-0.0919    0
-0.0869    0
-0.0819    0
-0.0769    3
-0.0719    5
-0.0669   17
-0.0619   14
-0.0569   61
-0.0519  141
-0.0469  237
-0.0419  429
-0.0369  751
-0.0319 1248
-0.0269 1865
-0.0219 2659
-0.0169 3516
-0.0119 4293
-0.0069 4823
-0.0019 5131
 0.0031 4944
 0.0081 4736
 0.0131 4107
 0.0181 3300
 0.0231 2438
 0.0281 1784
 0.0331 1152
 0.0381  719
 0.0431  405
 0.0481  220
 0.0531   97
 0.0581   51
 0.0631   24
 0.0681   12
 0.0731    9
 0.0781    0
 0.0831    0
 0.0881    2
 0.0931    0
 0.0981    0
 0.1031    0
 0.1081    0
 0.1131    0
 0.1181    5
 0.1231   27
 0.1281   28
 0.1331   26
 0.1381   25
 0.1431   28
 0.1481   29
 0.1531   25
 0.1581   25
 0.1631   23
 0.1681   36
 0.1731   34
 0.1781   40
 0.1831   40
 0.1881   36
 0.1931   39
 0.1981   39
 0.2031   38
 0.2081   42
 0.2131   43
 0.2181   38
 0.2231   39
 0.2281   55
 0.2331   49
 0.2381   72
 0.2431   78
 0.2481   86
 0.2531   87
 0.2581   94
 0.2631  131
 0.2681  112
 0.2731  139
 0.2781  145
 0.2831  112
 0.2881  105
 0.2931   82
 0.2981   74
 0.3031   58
 0.3081   54
 0.3131   38
 0.3181   28
 0.3231   17
 0.3281   11
 0.3331   19
 0.3381   18
 0.3431   23
 0.3481   16
 0.3531   16
 0.3581   10
 0.3631   14
 0.3681   21
 0.3731   22
 0.3781   17
 0.3831   26
 0.3881   31
 0.3931   25
 0.3981   21
 0.4031   22
 0.4081   23
 0.4131   18
 0.4181   16
 0.4231   15
 0.4281   16
 0.4331   18
 0.4381   16
 0.4431   22
 0.4481   22
 0.4531   14
 0.4581   16
 0.4631   12
 0.4681   21
 0.4731   27
 0.4781   18
 0.4831   22
 0.4881   21
 0.4931   29
 0.4981   28
 0.5031   30
 0.5081   28
 0.5131   23
 0.5181   27
 0.5231   32
 0.5281   29
 0.5331   30
 0.5381   33
 0.5431   32
 0.5481   24
 0.5531   24
 0.5581   17
 0.5631   33
 0.5681   19
 0.5731   21
 0.5781   31
 0.5831   16
 0.5881   35
 0.5931   19
 0.5981    3
 0.6031   11
 0.6081   19
 0.6131   41
 0.6181   31
 0.6231    6
 0.6281   28
 0.6331   20
 0.6381   19
 0.6431   29
 0.6481   16
 0.6531   23
 0.6581   24
 0.6631   31
 0.6681   29
 0.6731   24
 0.6781   30
 0.6831   32
 0.6881   43
 0.6931   31
 0.6981    8
 0.7031   19
 0.7081   21
 0.7131   42
 0.7181   31
 0.7231   11
 0.7281   23
 0.7331    7
 0.7381   31
 0.7431   28
 0.7481   39
 0.7531   30
 0.7581   39
 0.7631   22
 0.7681   42
 0.7731   36
 0.7781   40
 0.7831   33
 0.7881   36
 0.7931   39
 0.7981   40
 0.8031   26
 0.8081   35
 0.8131   39
 0.8181   30
 0.8231   17
 0.8281   36
 0.8331   42
 0.8381   32
 0.8431   24
 0.8481   26
 0.8531   50
 0.8581   33
 0.8631   29
 0.8681   33
 0.8731   37
 0.8781   44
 0.8831   39
 0.8881   42
 0.8931   39
 0.8981   27
 0.9031   41
 0.9081   47
 0.9131   31
 0.9181   38
 0.9231   43
 0.9281   46
 0.9331   44
 0.9381   54
 0.9431   38
 0.9481   52
 0.9531   36
 0.9581   58
 0.9631   38
 0.9681   42
 0.9731   41
 0.9781   35
 0.9831   53
 0.9881   38
 0.9931   44
 0.9981   51
 1.0031   44
 1.0081   47
 1.0131   52
 1.0181   45
 1.0231   43
 1.0281   49
 1.0331   53
 1.0381   45
 1.0431   48
 1.0481   51
 1.0531   46
 1.0581   57
 1.0631   54
 1.0681   54
 1.0731   44
 1.0781   58
 1.0831   60
 1.0881   53
 1.0931   44
 1.0981   50
 1.1031   54
 1.1081   49
 1.1131   62
 1.1181   49
 1.1231   56
 1.1281   63
 1.1331   54
 1.1381   55
 1.1431   50
 1.1481   62
 1.1531   56
 1.1581   54
 1.1631   56
 1.1681   59
 1.1731   60
 1.1781   64
 1.1831   59
 1.1881   60
 1.1931   66
 1.1981   51
 1.2031   48
 1.2081   55
 1.2131   55
 1.2181   56
 1.2231   53
 1.2281   59
 1.2331   53
 1.2381   62
 1.2431   50
 1.2481   61
 1.2531   67
 1.2581   55
 1.2631   75
 1.2681   79
 1.2731   72
 1.2781   59
 1.2831   65
 1.2881   62
 1.2931   76
 1.2981   58
 1.3031   72
 1.3081   75
 1.3131   52
 1.3181   65
 1.3231   63
 1.3281   52
 1.3331   62
 1.3381   67
 1.3431   73
 1.3481   81
 1.3531   85
 1.3581   75
 1.3631   75
 1.3681   84
 1.3731   78
 1.3781   68
 1.3831   65
 1.3881   71
 1.3931   64
 1.3981   63
 1.4031   65
 1.4081   68
 1.4131   69
 1.4181   69
 1.4231   80
 1.4281   78
 1.4331   79
 1.4381   75
 1.4431   69
 1.4481   79
 1.4531   80
 1.4581   78
 1.4631   85
 1.4681  101
 1.4731   95
 1.4781   93
 1.4831   79
 1.4881   82
 1.4931   84
 1.4981   97
 1.5031   95
 1.5081   78
 1.5131   86
 1.5181   76
 1.5231   82
 1.5281   77
 1.5331   70
 1.5381   77
 1.5431   88
 1.5481   85
 1.5531   80
 1.5581   75
 1.5631   69
 1.5681   78
 1.5731   86
 1.5781   84
 1.5831   85
 1.5881   75
 1.5931   73
 1.5981   77
 1.6031   80
 1.6081   74
 1.6131   74
 1.6181   87
 1.6231   88
 1.6281   80
 1.6331   72
 1.6381   74
 1.6431   74
 1.6481   77
 1.6531   73
 1.6581   86
 1.6631   91
 1.6681   75
 1.6731   72
 1.6781   84
 1.6831   81
 1.6881   90
 1.6931   85
 1.6981   78
 1.7031   92
 1.7081   94
 1.7131   85
 1.7181   85
 1.7231   86
 1.7281   86
 1.7331   98
 1.7381   96
 1.7431   96
 1.7481   98
 1.7531  109
 1.7581  114
 1.7631  105
 1.7681  116
 1.7731  130
 1.7781  135
 1.7831  141
 1.7881  157
 1.7931  173
 1.7981  173
 1.8031  174
 1.8081  175
 1.8131  194
 1.8181  198
 1.8231  220
 1.8281  233
 1.8331  236
 1.8381  238
 1.8431  191
 1.8481  180
 1.8531  200
 1.8581  186
 1.8631  182
 1.8681  173
 1.8731  155
 1.8781  134
 1.8831  140
 1.8881  145
 1.8931  138
 1.8981  138
 1.9031  115
 1.9081  110
 1.9131  112
 1.9181  106
 1.9231  100
 1.9281  100
 1.9331   90
 1.9381   93
 1.9431  103
 1.9481  103
 1.9531   98
 1.9581   98
 1.9631  110
 1.9681  114
 1.9731  109
 1.9781   94
 1.9831   85
 1.9881   99
 1.9931  108
 1.9981   95
 2.0031   96
 2.0081  102
 2.0131   90
 2.0181   80
 2.0231   81
 2.0281   86
 2.0331   92
 2.0381   92
 2.0431   87
 2.0481   91
 2.0531  100
 2.0581  103
 2.0631  102
 2.0681   94
 2.0731   88
 2.0781   88
 2.0831   87
 2.0881  103
 2.0931  115
 2.0981  111
 2.1031  104
 2.1081   98
 2.1131  111
 2.1181  117
 2.1231  104
 2.1281  102
 2.1331  120
 2.1381  128
 2.1431  113
 2.1481  121
 2.1531  128
 2.1581  137
 2.1631  145
 2.1681  133
 2.1731  141
 2.1781  139
 2.1831  115
 2.1881  136
 2.1931  160
 2.1981  142
 2.2031  125
 2.2081  131
 2.2131  127
 2.2181  139
 2.2231  147
 2.2281  136
 2.2331  145
 2.2381  163
 2.2431  162
 2.2481  196
 2.2531  240
 2.2581  256
 2.2631  297
 2.2681  382
 2.2731  438
 2.2781  535
 2.2831  634
 2.2881  756
 2.2931  918
 2.2981 1072
 2.3031 1215
 2.3081 1431
 2.3131 1600
 2.3181 1765
 2.3231 1953
 2.3281 2080
 2.3331 2265
 2.3381 2433
 2.3431 2479
 2.3481 2444
 2.3531 2469
 2.3581 2473
 2.3631 2435
 2.3681 2358
 2.3731 2300
 2.3781 2154
 2.3831 2063
 2.3881 1960
 2.3931 1880
 2.3981 1788
 2.4031 1726
 2.4081 1680
 2.4131 1687
 2.4181 1701
 2.4231 1694
 2.4281 1671
 2.4331 1734
 2.4381 1751
 2.4431 1738
 2.4481 1696
 2.4531 1590
 2.4581 1544
 2.4631 1490
 2.4681 1397
 2.4731 1294
 2.4781 1193
 2.4831 1009
 2.4881  875
 2.4931  773
 2.4981  697
 2.5031  590
 2.5081  467
 2.5131  407
 2.5181  358
 2.5231  295
 2.5281  244
 2.5331  200
 2.5381  171
 2.5431  144
 2.5481  126
 2.5531  119
 2.5581  105
 2.5631  117
 2.5681   97
 2.5731   74
 2.5781   76
 2.5831   78
 2.5881   89
 2.5931   94
 2.5981   87
 2.6031   85
 2.6081   92
 2.6131   98
 2.6181  113
 2.6231  105
 2.6281  123
 2.6331  121
 2.6381  136
 2.6431  106
 2.6481  136
 2.6531  150
 2.6581  103
 2.6631  137
 2.6681  118
 2.6731  123
 2.6781  125
 2.6831   94
 2.6881  118
 2.6931   86
 2.6981   86
 2.7031   87
 2.7081   83
 2.7131   74
 2.7181   71
 2.7231   75
 2.7281   62
 2.7331   55
 2.7381   49
 2.7431   65
 2.7481   61
 2.7531   54
 2.7581   55
 2.7631   53
 2.7681   52
 2.7731   56
 2.7781   51
 2.7831   36
 2.7881   48
 2.7931   63
 2.7981   46
 2.8031   32
 2.8081   53
 2.8131   55
 2.8181   53
 2.8231   41
 2.8281   50
 2.8331   50
 2.8381   39
 2.8431   46
 2.8481   51
 2.8531   59
 2.8581   48
 2.8631   42
 2.8681   57
 2.8731   49
 2.8781   60
 2.8831   44
 2.8881   49
 2.8931   53
 2.8981   38
 2.9031   59
 2.9081   49
 2.9131   48
 2.9181   63
 2.9231   63
 2.9281   47
 2.9331   57
 2.9381   57
 2.9431   64
 2.9481   47
 2.9531   48
 2.9581   62
 2.9631   46
 2.9681   57
 2.9731   60
 2.9781   61
 2.9831   41
 2.9881   59
 2.9931   48
 2.9981   63
 3.0031   60
 3.0081   69
 3.0131   78
 3.0181   78
 3.0231   58
 3.0281   75
 3.0331   76
 3.0381   71
 3.0431   77
 3.0481   86
 3.0531   66
 3.0581   78
 3.0631   75
 3.0681   88
 3.0731   68
 3.0781   71
 3.0831   77
 3.0881   84
 3.0931   80
 3.0981   73
 3.1031   70
 3.1081   73
 3.1131   81
 3.1181   79
 3.1231   68
 3.1281   81
 3.1331   70
 3.1381   64
 3.1431   65
 3.1481   64
 3.1531   59
 3.1581   65
 3.1631   58
 3.1681   61
 3.1731   60
 3.1781   64
 3.1831   63
 3.1881   58
 3.1931   52
 3.1981   55
 3.2031   49
 3.2081   47
 3.2131   50
 3.2181   43
 3.2231   55
 3.2281   56
 3.2331   49
 3.2381   54
 3.2431   46
 3.2481   52
 3.2531   59
 3.2581   56
 3.2631   50
 3.2681   50
 3.2731   49
 3.2781   48
 3.2831   48
 3.2881   44
 3.2931   50
 3.2981   47
 3.3031   60
 3.3081   53
 3.3131   56
 3.3181   61
 3.3231   52
 3.3281   64
 3.3331   56
 3.3381   51
 3.3431   77
 3.3481   65
 3.3531   65
 3.3581   70
 3.3631   97
 3.3681   85
 3.3731  106
 3.3781  117
 3.3831  113
 3.3881  124
 3.3931  141
 3.3981  128
 3.4031  188
 3.4081  163
 3.4131  167
 3.4181  199
 3.4231  205
 3.4281  208
 3.4331  191
 3.4381  196
 3.4431  208
 3.4481  211
 3.4531  221
 3.4581  222
 3.4631  208
 3.4681  180
 3.4731  175
 3.4781  194
 3.4831  167
 3.4881  155
 3.4931  126
 3.4981  126
 3.5031  132
 3.5081  103
 3.5131   87
 3.5181   91
 3.5231   88
 3.5281   73
 3.5331   78
 3.5381   71
 3.5431   74
 3.5481   77
 3.5531   61
 3.5581   73
 3.5631   66
 3.5681   55
 3.5731   68
 3.5781   79
 3.5831   69
 3.5881   76
 3.5931   85
 3.5981   82
 3.6031   99
 3.6081   96
 3.6131   92
 3.6181   95
 3.6231  107
 3.6281  102
 3.6331  103
 3.6381  117
 3.6431  119
 3.6481  127
 3.6531  123
 3.6581  103
 3.6631  138
 3.6681  143
 3.6731  108
 3.6781  135
 3.6831  121
 3.6881  125
 3.6931  113
 3.6981  139
 3.7031  109
 3.7081   87
 3.7131  103
 3.7181  130
 3.7231  117
 3.7281   87
 3.7331  101
 3.7381   92
 3.7431   87
 3.7481   85
 3.7531   74
 3.7581   86
 3.7631   73
 3.7681   85
 3.7731   72
 3.7781   77
 3.7831   64
 3.7881   87
 3.7931   67
 3.7981   69
 3.8031   65
 3.8081   71
 3.8131   69
 3.8181   67
 3.8231   57
 3.8281   73
 3.8331   69
 3.8381   70
 3.8431   82
 3.8481   57
 3.8531   65
 3.8581   61
 3.8631   65
 3.8681   73
 3.8731   80
 3.8781   61
 3.8831   74
 3.8881   74
 3.8931   71
 3.8981   94
 3.9031   77
 3.9081   86
 3.9131   78
 3.9181   80
 3.9231   71
 3.9281   61
 3.9331   76
 3.9381   91
 3.9431   72
 3.9481   63
 3.9531   57
 3.9581   66
 3.9631   65
 3.9681   50
 3.9731   54
 3.9781   59
 3.9831   59
 3.9881   54
 3.9931   48
 3.9981   68
 4.0031   59
 4.0081   53
 4.0131   62
 4.0181   58
 4.0231   45
 4.0281   52
 4.0331   52
 4.0381   61
 4.0431   52
 4.0481   57
 4.0531   60
 4.0581   54
 4.0631   49
 4.0681   46
 4.0731   50
 4.0781   49
 4.0831   50
 4.0881   55
 4.0931   48
 4.0981   49
 4.1031   52
 4.1081   50
 4.1131   60
 4.1181   63
 4.1231   59
 4.1281   63
 4.1331   63
 4.1381   65
 4.1431   61
 4.1481   63
 4.1531   58
 4.1581   60
 4.1631   55
 4.1681   56
 4.1731   58
 4.1781   49
 4.1831   61
 4.1881   49
 4.1931   59
 4.1981   54
 4.2031   41
 4.2081   48
 4.2131   61
 4.2181   52
 4.2231   51
 4.2281   54
 4.2331   43
 4.2381   44
 4.2431   54
 4.2481   55
 4.2531   43
 4.2581   39
 4.2631   47
 4.2681   55
 4.2731   53
 4.2781   51
 4.2831   56
 4.2881   56
 4.2931   39
 4.2981   46
 4.3031   63
 4.3081   52
 4.3131   50
 4.3181   54
 4.3231   46
 4.3281   45
 4.3331   53
 4.3381   57
 4.3431   54
 4.3481   54
 4.3531   44
 4.3581   54
 4.3631   60
 4.3681   57
 4.3731   58
 4.3781   54
 4.3831   53
 4.3881   57
 4.3931   55
 4.3981   61
 4.4031   55
 4.4081   59
 4.4131   54
 4.4181   51
 4.4231   50
 4.4281   52
 4.4331   49
 4.4381   47
 4.4431   44
 4.4481   57
 4.4531   55
 4.4581   60
 4.4631   51
 4.4681   50
 4.4731   67
 4.4781   56
 4.4831   47
 4.4881   47
 4.4931   48
 4.4981   46
 4.5031   44
 4.5081   45
 4.5131   48
 4.5181   50
 4.5231   42
 4.5281   45
 4.5331   48
 4.5381   44
 4.5431   49
 4.5481   51
 4.5531   46
 4.5581   55
 4.5631   59
 4.5681   53
 4.5731   54
 4.5781   56
 4.5831   58
 4.5881   52
 4.5931   44
 4.5981   49
 4.6031   46
 4.6081   46
 4.6131   54
 4.6181   52
 4.6231   46
 4.6281   46
 4.6331   43
 4.6381   42
 4.6431   52
 4.6481   48
 4.6531   39
 4.6581   52
 4.6631   50
 4.6681   42
 4.6731   46
 4.6781   48
 4.6831   53
 4.6881   54
 4.6931   58
 4.6981   59
 4.7031   62
 4.7081   57
 4.7131   47
 4.7181   45
 4.7231   49
 4.7281   49
 4.7331   48
 4.7381   47
 4.7431   50
 4.7481   55
 4.7531   44
 4.7581   43
 4.7631   50
 4.7681   47
 4.7731   47
 4.7781   49
 4.7831   49
 4.7881   51
 4.7931   54
 4.7981   54
 4.8031   58
 4.8081   57
 4.8131   56
 4.8181   58
 4.8231   51
 4.8281   50
 4.8331   48
 4.8381   47
 4.8431   46
 4.8481   45
 4.8531   49
 4.8581   55
 4.8631   52
 4.8681   48
 4.8731   42
 4.8781   46
 4.8831   56
 4.8881   50
 4.8931   46
 4.8981   46
 4.9031   49
 4.9081   52
 4.9131   57
 4.9181   50
 4.9231   46
 4.9281   53
 4.9331   55
 4.9381   56
 4.9431   43
 4.9481   47
 4.9531   53
 4.9581   50
 4.9631   54
 4.9681   56
 4.9731   52
 4.9781   53
 4.9831   51
 4.9881   51
 4.9931   54
 4.9981   60
 5.0031   49
 5.0081   46
 5.0131   51
 5.0181   49
 5.0231   55
 5.0281   60
 5.0331   60
 5.0381   54
 5.0431   48
 5.0481   50
 5.0531   46
 5.0581   54
 5.0631   56
 5.0681   53
 5.0731   53
 5.0781   55
 5.0831   52
 5.0881   57
 5.0931   48
 5.0981   47
 5.1031   53
 5.1081   44
 5.1131   40
 5.1181   43
 5.1231   46
 5.1281   51
 5.1331   54
 5.1381   54
 5.1431   50
 5.1481   50
 5.1531   51
 5.1581   50
 5.1631   53
 5.1681   53
 5.1731   50
 5.1781   46
 5.1831   49
 5.1881   51
 5.1931   50
 5.1981   56
 5.2031   59
 5.2081   53
 5.2131   46
 5.2181   49
 5.2231   50
 5.2281   50
 5.2331   54
 5.2381   52
 5.2431   48
 5.2481   56
 5.2531   45
 5.2581   44
 5.2631   54
 5.2681   51
 5.2731   48
 5.2781   53
 5.2831   51
 5.2881   49
 5.2931   49
 5.2981   51
 5.3031   49
 5.3081   53
 5.3131   51
 5.3181   47
 5.3231   49
 5.3281   43
 5.3331   59
 5.3381   63
 5.3431   51
 5.3481   49
 5.3531   52
 5.3581   47
 5.3631   48
 5.3681   52
 5.3731   57
 5.3781   57
 5.3831   53
 5.3881   53
 5.3931   46
 5.3981   54
 5.4031   69
 5.4081   57
 5.4131   51
 5.4181   44
 5.4231   52
 5.4281   45
 5.4331   43
 5.4381   42
 5.4431   50
 5.4481   59
 5.4531   53
 5.4581   44
 5.4631   44
 5.4681   50
 5.4731   43
 5.4781   51
 5.4831   55
 5.4881   49
 5.4931   50
 5.4981   47
 5.5031   47
 5.5081   44
 5.5131   46
 5.5181   44
 5.5231   36
 5.5281   55
 5.5331   57
 5.5381   48
 5.5431   46
 5.5481   46
 5.5531   41
 5.5581   59
 5.5631   57
 5.5681   48
 5.5731   55
 5.5781   61
 5.5831   52
 5.5881   46
 5.5931   47
 5.5981   38
 5.6031   57
 5.6081   40
 5.6131   47
 5.6181   50
 5.6231   44
 5.6281   58
 5.6331   62
 5.6381   43
 5.6431   50
 5.6481   50
 5.6531   58
 5.6581   43
 5.6631   61
 5.6681   54
 5.6731   50
 5.6781   53
 5.6831   49
 5.6881   57
 5.6931   57
 5.6981   49
 5.7031   45
 5.7081   61
 5.7131   44
 5.7181   51
 5.7231   50
 5.7281   60
 5.7331   44
 5.7381   49
 5.7431   49
 5.7481   47
 5.7531   50
 5.7581   47
 5.7631   54
 5.7681   51
 5.7731   43
 5.7781   51
 5.7831   47
 5.7881   46
 5.7931   61
 5.7981   56
 5.8031   49
 5.8081   46
 5.8131   62
 5.8181   61
 5.8231   51
 5.8281   51
 5.8331   47
 5.8381   53
 5.8431   43
 5.8481   58
 5.8531   55
 5.8581   46
 5.8631   52
 5.8681   59
 5.8731   41
 5.8781   64
 5.8831   42
 5.8881   39
 5.8931   45
 5.8981   50
 5.9031   51
 5.9081   47
 5.9131   46
 5.9181   45
 5.9231   54
 5.9281   47
 5.9331   46
 5.9381   43
 5.9431   47
 5.9481   46
 5.9531   47
 5.9581   56
 5.9631   52
 5.9681   48
 5.9731   49
 5.9781   39
 5.9831   44
 5.9881   40
 5.9931   47
 5.9981   46
 6.0031   43
 6.0081   50
 6.0131   62
 6.0181   42
 6.0231   47
 6.0281   40
 6.0331   43
 6.0381   48
 6.0431   46
 6.0481   43
 6.0531   48
 6.0581   48
 6.0631   50
 6.0681   40
 6.0731   50
 6.0781   53
 6.0831   53
 6.0881   52
 6.0931   56
 6.0981   45
 6.1031   54
 6.1081   53
 6.1131   46
 6.1181   53
 6.1231   49
 6.1281   40
 6.1331   52
 6.1381   48
 6.1431   53
 6.1481   57
 6.1531   57
 6.1581   36
 6.1631   47
 6.1681   44
 6.1731   58
 6.1781   36
 6.1831   39
 6.1881   34
 6.1931   58
 6.1981   55
 6.2031   45
 6.2081   44
 6.2131   35
 6.2181   47
 6.2231   58
 6.2281   46
 6.2331   59
 6.2381   49
 6.2431   53
 6.2481   45
 6.2531   62
 6.2581   52
 6.2631   52
 6.2681   48
 6.2731   59
 6.2781   46
 6.2831   42
 6.2881   39
 6.2931   44
 6.2981   45
 6.3031   62
 6.3081   55
 6.3131   55
 6.3181   52
 6.3231   49
 6.3281   56
 6.3331   53
 6.3381   59
 6.3431   58
 6.3481   52
 6.3531   51
 6.3581   64
 6.3631   59
 6.3681   49
 6.3731   46
 6.3781   56
 6.3831   48
 6.3881   42
 6.3931   50
 6.3981   44
 6.4031   52
 6.4081   57
 6.4131   43
 6.4181   49
 6.4231   45
 6.4281   53
 6.4331   43
 6.4381   41
 6.4431   54
 6.4481   65
 6.4531   46
 6.4581   37
 6.4631   47
 6.4681   49
 6.4731   39
 6.4781   50
 6.4831   48
 6.4881   53
 6.4931   53
 6.4981   60
 6.5031   42
 6.5081   40
 6.5131   47
 6.5181   42
 6.5231   60
 6.5281   57
 6.5331   52
 6.5381   41
 6.5431   46
 6.5481   53
 6.5531   46
 6.5581   57
 6.5631   51
 6.5681   55
 6.5731   56
 6.5781   58
 6.5831   53
 6.5881   47
 6.5931   42
 6.5981   42
 6.6031   48
 6.6081   46
 6.6131   41
 6.6181   32
 6.6231   50
 6.6281   55
 6.6331   44
 6.6381   49
 6.6431   47
 6.6481   59
 6.6531   54
 6.6581   47
 6.6631   46
 6.6681   54
 6.6731   42
 6.6781   59
 6.6831   58
 6.6881   52
 6.6931   53
 6.6981   37
 6.7031   34
 6.7081   41
 6.7131   49
 6.7181   52
 6.7231   56
 6.7281   56
 6.7331   43
 6.7381   34
 6.7431   46
 6.7481   53
 6.7531   46
 6.7581   41
 6.7631   48
 6.7681   47
 6.7731   61
 6.7781   42
 6.7831   51
 6.7881   34
 6.7931   49
 6.7981   42
 6.8031   51
 6.8081   60
 6.8131   40
 6.8181   45
 6.8231   47
 6.8281   54
 6.8331   45
 6.8381   47
 6.8431   50
 6.8481   54
 6.8531   41
 6.8581   62
 6.8631   62
 6.8681   64
 6.8731   40
 6.8781   50
 6.8831   53
 6.8881   46
 6.8931   34
 6.8981   51
 6.9031   55
 6.9081   54
 6.9131   47
 6.9181   44
 6.9231   39
 6.9281   48
 6.9331   43
 6.9381   47
 6.9431   54
 6.9481   40
 6.9531   50
 6.9581   42
 6.9631   48
 6.9681   56
 6.9731   50
 6.9781   39
 6.9831   44
 6.9881   56
 6.9931   48
 6.9981   42
 7.0031   54
 7.0081   47
 7.0131   43
 7.0181   53
 7.0231   58
 7.0281   38
 7.0331   45
 7.0381   54
 7.0431   43
 7.0481   58
 7.0531   43
 7.0581   48
 7.0631   46
 7.0681   51
 7.0731   45
 7.0781   42
 7.0831   40
 7.0881   45
 7.0931   55
 7.0981   43
 7.1031   44
 7.1081   54
 7.1131   50
 7.1181   46
 7.1231   57
 7.1281   32
 7.1331   46
 7.1381   43
 7.1431   52
 7.1481   36
 7.1531   55
 7.1581   52
 7.1631   41
 7.1681   48
 7.1731   48
 7.1781   48
 7.1831   37
 7.1881   42
 7.1931   39
 7.1981   53
 7.2031   41
 7.2081   42
 7.2131   49
 7.2181   45
 7.2231   42
 7.2281   44
 7.2331   35
 7.2381   42
 7.2431   37
 7.2481   45
 7.2531   46
 7.2581   40
 7.2631   39
 7.2681   37
 7.2731   46
 7.2781   48
 7.2831   46
 7.2881   52
 7.2931   44
 7.2981   55
 7.3031   51
 7.3081   49
 7.3131   31
 7.3181   47
 7.3231   46
 7.3281   39
 7.3331   48
 7.3381   61
 7.3431   43
 7.3481   47
 7.3531   44
 7.3581   43
 7.3631   57
 7.3681   42
 7.3731   59
 7.3781   48
 7.3831   39
 7.3881   47
 7.3931   51
 7.3981   50
 7.4031   55
 7.4081   43
 7.4131   52
 7.4181   47
 7.4231   32
 7.4281   46
 7.4331   28
 7.4381   43
 7.4431   44
 7.4481   62
 7.4531   57
 7.4581   60
 7.4631   54
 7.4681   51
 7.4731   48
 7.4781   47
 7.4831   54
 7.4881   58
 7.4931   43
 7.4981   49
 7.5031   43
 7.5081   49
 7.5131   56
 7.5181   52
 7.5231   43
 7.5281   42
 7.5331   55
 7.5381   45
 7.5431   44
 7.5481   49
 7.5531   44
 7.5581   39
 7.5631   31
 7.5681   53
 7.5731   39
 7.5781   38
 7.5831   41
 7.5881   36
 7.5931   59
 7.5981   39
 7.6031   54
 7.6081   52
 7.6131   53
 7.6181   49
 7.6231   35
 7.6281   49
 7.6331   47
 7.6381   50
 7.6431   38
 7.6481   46
 7.6531   47
 7.6581   45
 7.6631   46
 7.6681   47
 7.6731   31
 7.6781   42
 7.6831   44
 7.6881   41
 7.6931   54
 7.6981   48
 7.7031   48
 7.7081   52
 7.7131   49
 7.7181   60
 7.7231   42
 7.7281   31
 7.7331   38
 7.7381   42
 7.7431   34
 7.7481   32
 7.7531   31
 7.7581   48
 7.7631   46
 7.7681   35
 7.7731   49
 7.7781   48
 7.7831   35
 7.7881   48
 7.7931   41
 7.7981   50
 7.8031   52
 7.8081   39
 7.8131   38
 7.8181   36
 7.8231   48
 7.8281   35
 7.8331   32
 7.8381   40
 7.8431   38
 7.8481   41
 7.8531   36
 7.8581   44
 7.8631   46
 7.8681   43
 7.8731   46
 7.8781   46
 7.8831   39
 7.8881   37
 7.8931   45
 7.8981   51
 7.9031   39
 7.9081   40
 7.9131   42
 7.9181   39
 7.9231   36
 7.9281   36
 7.9331   43
 7.9381   37
 7.9431   38
 7.9481   39
 7.9531   47
 7.9581   36
 7.9631   41
 7.9681   44
 7.9731   46
 7.9781   48
 7.9831   54
 7.9881   41
 7.9931   42
 7.9981   43
 8.0031   46
 8.0081   50
 8.0131   48
 8.0181   51
 8.0231   28
 8.0281   36
 8.0331   42
 8.0381   36
 8.0431   42
 8.0481   39
 8.0531   50
 8.0581   57
 8.0631   39
 8.0681   40
 8.0731   60
 8.0781   30
 8.0831   51
 8.0881   36
 8.0931   36
 8.0981   45
 8.1031   52
 8.1081   42
 8.1131   55
 8.1181   36
 8.1231   40
 8.1281   43
 8.1331   48
 8.1381   39
 8.1431   33
 8.1481   33
 8.1531   41
 8.1581   34
 8.1631   44
 8.1681   28
 8.1731   39
 8.1781   36
 8.1831   37
 8.1881   48
 8.1931   44
 8.1981   39
 8.2031   45
 8.2081   44
 8.2131   47
 8.2181   38
 8.2231   48
 8.2281   46
 8.2331   47
 8.2381   55
 8.2431   47
 8.2481   45
 8.2531   23
 8.2581   37
 8.2631   42
 8.2681   43
 8.2731   43
 8.2781   53
 8.2831   31
 8.2881   34
 8.2931   34
 8.2981   38
 8.3031   51
 8.3081   32
 8.3131   44
 8.3181   48
 8.3231   37
 8.3281   41
 8.3331   49
 8.3381   42
 8.3431   49
 8.3481   33
 8.3531   37
 8.3581   47
 8.3631   41
 8.3681   50
 8.3731   53
 8.3781   42
 8.3831   43
 8.3881   47
 8.3931   41
 8.3981   48
 8.4031   33
 8.4081   39
 8.4131   54
 8.4181   39
 8.4231   43
 8.4281   41
 8.4331   41
 8.4381   34
 8.4431   46
 8.4481   43
 8.4531   41
 8.4581   43
 8.4631   43
 8.4681   31
 8.4731   39
 8.4781   38
 8.4831   36
 8.4881   50
 8.4931   42
 8.4981   36
 8.5031   37
 8.5081   35
 8.5131   43
 8.5181   33
 8.5231   39
 8.5281   54
 8.5331   43
 8.5381   42
 8.5431   48
 8.5481   27
 8.5531   42
 8.5581   29
 8.5631   43
 8.5681   37
 8.5731   39
 8.5781   32
 8.5831   43
 8.5881   45
 8.5931   22
 8.5981   42
 8.6031   39
 8.6081   35
 8.6131   38
 8.6181   53
 8.6231   39
 8.6281   42
 8.6331   28
 8.6381   46
 8.6431   33
 8.6481   31
 8.6531   38
 8.6581   39
 8.6631   38
 8.6681   58
 8.6731   39
 8.6781   39
 8.6831   33
 8.6881   30
 8.6931   38
 8.6981   31
 8.7031   41
 8.7081   40
 8.7131   36
 8.7181   34
 8.7231   45
 8.7281   35
 8.7331   33
 8.7381   44
 8.7431   33
 8.7481   49
 8.7531   37
 8.7581   32
 8.7631   45
 8.7681   38
 8.7731   41
 8.7781   55
 8.7831   36
 8.7881   40
 8.7931   40
 8.7981   31
 8.8031   38
 8.8081   38
 8.8131   46
 8.8181   46
 8.8231   38
 8.8281   44
 8.8331   46
 8.8381   37
 8.8431   38
 8.8481   42
 8.8531   32
 8.8581   34
 8.8631   47
 8.8681   37
 8.8731   42
 8.8781   38
 8.8831   32
 8.8881   36
 8.8931   40
 8.8981   29
 8.9031   37
 8.9081   45
 8.9131   46
 8.9181   32
 8.9231   41
 8.9281   35
 8.9331   33
 8.9381   36
 8.9431   40
 8.9481   40
 8.9531   28
 8.9581   35
 8.9631   51
 8.9681   34
 8.9731   35
 8.9781   48
 8.9831   38
 8.9881   44
 8.9931   43
 8.9981   31
 9.0031   44
 9.0081   40
 9.0131   33
 9.0181   40
 9.0231   48
 9.0281   40
 9.0331   45
 9.0381   42
 9.0431   52
 9.0481   35
 9.0531   46
 9.0581   47
 9.0631   50
 9.0681   50
 9.0731   36
 9.0781   46
 9.0831   51
 9.0881   41
 9.0931   54
 9.0981   50
 9.1031   48
 9.1081   48
 9.1131   48
 9.1181   48
 9.1231   68
 9.1281   47
 9.1331   59
 9.1381   54
 9.1431   55
 9.1481   60
 9.1531   49
 9.1581   53
 9.1631   66
 9.1681   59
 9.1731   64
 9.1781   60
 9.1831   56
 9.1881   53
 9.1931   61
 9.1981   55
 9.2031   56
 9.2081   71
 9.2131   70
 9.2181   46
 9.2231   52
 9.2281   58
 9.2331   57
 9.2381   60
 9.2431   53
 9.2481   47
 9.2531   63
 9.2581   48
 9.2631   62
 9.2681   44
 9.2731   46
 9.2781   51
 9.2831   33
 9.2881   54
 9.2931   45
 9.2981   38
 9.3031   47
 9.3081   52
 9.3131   54
 9.3181   56
 9.3231   49
 9.3281   38
 9.3331   40
 9.3381   44
 9.3431   39
 9.3481   31
 9.3531   38
 9.3581   31
 9.3631   29
 9.3681   35
 9.3731   27
 9.3781   38
 9.3831   33
 9.3881   34
 9.3931   44
 9.3981   42
 9.4031   43
 9.4081   40
 9.4131   61
 9.4181   30
 9.4231   42
 9.4281   28
 9.4331   30
 9.4381   36
 9.4431   39
 9.4481   44
 9.4531   40
 9.4581   38
 9.4631   28
 9.4681   39
 9.4731   37
 9.4781   40
 9.4831   36
 9.4881   39
 9.4931   45
 9.4981   29
 9.5031   52
 9.5081   42
 9.5131   27
 9.5181   34
 9.5231   38
 9.5281   36
 9.5331   38
 9.5381   39
 9.5431   38
 9.5481   39
 9.5531   44
 9.5581   27
 9.5631   43
 9.5681   25
 9.5731   36
 9.5781   46
 9.5831   36
 9.5881   34
 9.5931   35
 9.5981   28
 9.6031   45
 9.6081   40
 9.6131   33
 9.6181   32
 9.6231   31
 9.6281   40
 9.6331   43
 9.6381   33
 9.6431   36
 9.6481   36
 9.6531   43
 9.6581   28
 9.6631   34
 9.6681   30
 9.6731   42
 9.6781   21
 9.6831   37
 9.6881   40
 9.6931   35
 9.6981   55
 9.7031   32
 9.7081   43
 9.7131   37
 9.7181   34
 9.7231   42
 9.7281   40
 9.7331   31
 9.7381   50
 9.7431   35
 9.7481   35
 9.7531   37
 9.7581   44
 9.7631   41
 9.7681   31
 9.7731   45
 9.7781   36
 9.7831   38
 9.7881   29
 9.7931   40
 9.7981   51
 9.8031   57
 9.8081   28
 9.8131   34
 9.8181   35
 9.8231   34
 9.8281   38
 9.8331   40
 9.8381   36
 9.8431   30
 9.8481   39
 9.8531   32
 9.8581   43
 9.8631   43
 9.8681   50
 9.8731   24
 9.8781   42
 9.8831   29
 9.8881   38
 9.8931   24
 9.8981   35
 9.9031   30
 9.9081   32
 9.9131   29
 9.9181   33
 9.9231   34
 9.9281   34
 9.9331   31
 9.9381   39
 9.9431   36
 9.9481   38
 9.9531   32
 9.9581   42
 9.9631   39
 9.9681   41
 9.9731   31
 9.9781   39
 9.9831   31
 9.9881   29
 9.9931   36
 9.9981   42
10.0031   35
10.0081   43
10.0131   42
10.0181   35
10.0231   34
10.0281   34
10.0331   34
10.0381   40
10.0431   33
10.0481   29
10.0531   29
10.0581   37
10.0631   43
10.0681   45
10.0731   46
10.0781   36
10.0831   42
10.0881   39
10.0931   40
10.0981   36
10.1031   34
10.1081   36
10.1131   22
10.1181   38
10.1231   30
10.1281   44
10.1331   34
10.1381   34
10.1431   41
10.1481   33
10.1531   24
10.1581   30
10.1631   31
10.1681   40
10.1731   34
10.1781   36
10.1831   26
10.1881   33
10.1931   36
10.1981   38
10.2031   29
10.2081   23
10.2131   32
10.2181   32
10.2231   34
10.2281   35
10.2331   38
10.2381   33
10.2431   34
10.2481   47
10.2531   28
10.2581   29
10.2631   45
10.2681   37
10.2731   52
10.2781   41
10.2831   38
10.2881   56
10.2931   43
10.2981   48
10.3031   34
10.3081   49
10.3131   46
10.3181   40
10.3231   48
10.3281   42
10.3331   57
10.3381   49
10.3431   78
10.3481   60
10.3531   65
10.3581   84
10.3631   87
10.3681   77
10.3731   87
10.3781  102
10.3831   88
10.3881  104
10.3931  113
10.3981  124
10.4031  151
10.4081  143
10.4131  136
10.4181  180
10.4231  188
10.4281  166
10.4331  184
10.4381  201
10.4431  253
10.4481  249
10.4531  240
10.4581  248
10.4631  293
10.4681  316
10.4731  314
10.4781  353
10.4831  346
10.4881  371
10.4931  368
10.4981  388
10.5031  428
10.5081  432
10.5131  413
10.5181  439
10.5231  456
10.5281  491
10.5331  493
10.5381  489
10.5431  452
10.5481  478
10.5531  471
10.5581  503
10.5631  507
10.5681  439
10.5731  425
10.5781  406
10.5831  403
10.5881  371
10.5931  390
10.5981  356
10.6031  366
10.6081  352
10.6131  338
10.6181  289
10.6231  278
10.6281  246
10.6331  236
10.6381  229
10.6431  200
10.6481  200
10.6531  194
10.6581  140
10.6631  155
10.6681  149
10.6731  116
10.6781  135
10.6831  110
10.6881   74
10.6931   83
10.6981   77
10.7031   80
10.7081   74
10.7131   55
10.7181   66
10.7231   61
10.7281   74
10.7331   47
10.7381   52
10.7431   51
10.7481   47
10.7531   45
10.7581   38
10.7631   40
10.7681   39
10.7731   49
10.7781   39
10.7831   31
10.7881   28
10.7931   39
10.7981   37
10.8031   51
10.8081   47
10.8131   41
10.8181   26
10.8231   39
10.8281   37
10.8331   46
10.8381   40
10.8431   34
10.8481   32
10.8531   46
10.8581   33
10.8631   35
10.8681   40
10.8731   34
10.8781   24
10.8831   39
10.8881   30
10.8931   30
10.8981   42
10.9031   33
10.9081   34
10.9131   30
10.9181   36
10.9231   34
10.9281   33
10.9331   37
10.9381   28
10.9431   39
10.9481   22
10.9531   28
10.9581   26
10.9631   32
10.9681   39
10.9731   28
10.9781   28
10.9831   36
10.9881   34
10.9931   35
10.9981   33
11.0031   34
11.0081   28
11.0131   41
11.0181   29
11.0231   29
11.0281   26
11.0331   28
11.0381   35
11.0431   33
11.0481   24
11.0531   26
11.0581   30
11.0631   25
11.0681   30
11.0731   30
11.0781   33
11.0831   42
11.0881   18
11.0931   23
11.0981   34
11.1031   28
11.1081   25
11.1131   28
11.1181   25
11.1231   23
11.1281   26
11.1331   26
11.1381   32
11.1431   33
11.1481   29
11.1531   28
11.1581   26
11.1631   32
11.1681   38
11.1731   35
11.1781   32
11.1831   31
11.1881   34
11.1931   28
11.1981   36
11.2031   36
11.2081   28
11.2131   26
11.2181   33
11.2231   24
11.2281   34
11.2331   35
11.2381   25
11.2431   36
11.2481   27
11.2531   30
11.2581   47
11.2631   27
11.2681   31
11.2731   36
11.2781   36
11.2831   34
11.2881   33
11.2931   28
11.2981   29
11.3031   33
11.3081   34
11.3131   25
11.3181   30
11.3231   38
11.3281   28
11.3331   40
11.3381   37
11.3431   23
11.3481   30
11.3531   31
11.3581   30
11.3631   36
11.3681   36
11.3731   30
11.3781   31
11.3831   32
11.3881   37
11.3931   29
11.3981   42
11.4031   24
11.4081   28
11.4131   42
11.4181   33
11.4231   31
11.4281   25
11.4331   30
11.4381   32
11.4431   42
11.4481   20
11.4531   36
11.4581   29
11.4631   25
11.4681   23
11.4731   31
11.4781   36
11.4831   29
11.4881   23
11.4931   30
11.4981   29
11.5031   28
11.5081   30
11.5131   32
11.5181   30
11.5231   22
11.5281   41
11.5331   22
11.5381   30
11.5431   20
11.5481   23
11.5531   31
11.5581   21
11.5631   25
11.5681   32
11.5731   23
11.5781   24
11.5831   25
11.5881   14
11.5931   25
11.5981   25
11.6031   24
11.6081   30
11.6131   35
11.6181   34
11.6231   31
11.6281   32
11.6331   31
11.6381   34
11.6431   23
11.6481   24
11.6531   23
11.6581   37
11.6631   30
11.6681   32
11.6731   19
11.6781   15
11.6831   28
11.6881   32
11.6931   21
11.6981   17
11.7031   29
11.7081   23
11.7131   27
11.7181   33
11.7231   23
11.7281   32
11.7331   28
11.7381   27
11.7431   23
11.7481   22
11.7531   23
11.7581   25
11.7631   21
11.7681   26
11.7731   23
11.7781   29
11.7831   29
11.7881   27
11.7931   27
11.7981   36
11.8031   30
11.8081   25
11.8131   20
11.8181   24
11.8231   19
11.8281   29
11.8331   22
11.8381   31
11.8431   32
11.8481   26
11.8531   24
11.8581   28
11.8631   18
11.8681   22
11.8731   31
11.8781   26
11.8831   27
11.8881   33
11.8931   24
11.8981   22
11.9031   26
11.9081   28
11.9131   19
11.9181   34
11.9231   31
11.9281   27
11.9331   34
11.9381   29
11.9431   23
11.9481   23
11.9531   25
11.9581   31
11.9631   28
11.9681   24
11.9731   27
11.9781   25
11.9831   20
11.9881   27
11.9931   25
11.9981   14
12.0031   26
12.0081   28
12.0131   29
12.0181   24
12.0231   25
12.0281   26
12.0331   32
12.0381   27
12.0431   35
12.0481   29
12.0531   29
12.0581   31
12.0631   26
12.0681   32
12.0731   33
12.0781   27
12.0831   24
12.0881   40
12.0931   34
12.0981   31
12.1031   29
12.1081   36
12.1131   32
12.1181   26
12.1231   34
12.1281   31
12.1331   29
12.1381   32
12.1431   23
12.1481   34
12.1531   35
12.1581   46
12.1631   36
12.1681   36
12.1731   32
12.1781   33
12.1831   35
12.1881   46
12.1931   33
12.1981   44
12.2031   33
12.2081   38
12.2131   37
12.2181   36
12.2231   36
12.2281   24
12.2331   24
12.2381   32
12.2431   32
12.2481   30
12.2531   45
12.2581   39
12.2631   50
12.2681   41
12.2731   52
12.2781   36
12.2831   46
12.2881   38
12.2931   38
12.2981   50
12.3031   34
12.3081   49
12.3131   34
12.3181   26
12.3231   40
12.3281   38
12.3331   33
12.3381   35
12.3431   31
12.3481   35
12.3531   30
12.3581   39
12.3631   28
12.3681   47
12.3731   40
12.3781   30
12.3831   39
12.3881   33
12.3931   39
12.3981   26
12.4031   39
12.4081   43
12.4131   38
12.4181   27
12.4231   55
12.4281   48
12.4331   40
12.4381   52
12.4431   58
12.4481   58
12.4531   66
12.4581   63
12.4631   57
12.4681   64
12.4731   92
12.4781   77
12.4831   99
12.4881   88
12.4931  100
12.4981   95
12.5031   96
12.5081  112
12.5131  116
12.5181  130
12.5231  141
12.5281  156
12.5331  143
12.5381  169
12.5431  159
12.5481  152
12.5531  210
12.5581  191
12.5631  212
12.5681  242
12.5731  185
12.5781  217
12.5831  215
12.5881  222
12.5931  219
12.5981  215
12.6031  248
12.6081  246
12.6131  228
12.6181  254
12.6231  229
12.6281  235
12.6331  206
12.6381  229
12.6431  237
12.6481  224
12.6531  196
12.6581  206
12.6631  179
12.6681  190
12.6731  196
12.6781  152
12.6831  152
12.6881  160
12.6931  160
12.6981  141
12.7031  137
12.7081  124
12.7131  114
12.7181  108
12.7231   99
12.7281   84
12.7331   93
12.7381   86
12.7431   74
12.7481   80
12.7531   69
12.7581   68
12.7631   68
12.7681   59
12.7731   61
12.7781   72
12.7831   61
12.7881   54
12.7931   50
12.7981   48
12.8031   44
12.8081   35
12.8131   49
12.8181   51
12.8231   37
12.8281   32
12.8331   38
12.8381   29
12.8431   52
12.8481   35
12.8531   38
12.8581   36
12.8631   29
12.8681   31
12.8731   31
12.8781   44
12.8831   39
12.8881   27
12.8931   29
12.8981   33
12.9031   35
12.9081   37
12.9131   29
12.9181   28
12.9231   38
12.9281   38
12.9331   34
12.9381   36
12.9431   43
12.9481   32
12.9531   37
12.9581   33
12.9631   41
12.9681   31
12.9731   33
12.9781   28
12.9831   41
12.9881   37
12.9931   36
12.9981   34
13.0031   35
13.0081   28
13.0131   30
13.0181   44
13.0231   43
13.0281   39
13.0331   35
13.0381   34
13.0431   42
13.0481   39
13.0531   32
13.0581   37
13.0631   40
13.0681   30
13.0731   29
13.0781   27
13.0831   37
13.0881   29
13.0931   25
13.0981   21
13.1031   20
13.1081   26
13.1131   26
13.1181   25
13.1231   26
13.1281   28
13.1331   23
13.1381   19
13.1431   24
13.1481   21
13.1531   16
13.1581   34
13.1631   24
13.1681   18
13.1731   21
13.1781   16
13.1831   25
13.1881   21
13.1931   25
13.1981   17
13.2031   22
13.2081   21
13.2131   27
13.2181   14
13.2231   19
13.2281   26
13.2331   20
13.2381   23
13.2431   22
13.2481   16
13.2531   22
13.2581   23
13.2631   21
13.2681   23
13.2731   16
13.2781   17
13.2831   17
13.2881   18
13.2931   20
13.2981   12
13.3031   15
13.3081   22
13.3131   26
13.3181   19
13.3231   20
13.3281   20
13.3331   22
13.3381   16
13.3431   18
13.3481   16
13.3531   25
13.3581   20
13.3631   22
13.3681   22
13.3731   23
13.3781   13
13.3831   16
13.3881   26
13.3931   21
13.3981   23
13.4031   25
13.4081   23
13.4131   20
13.4181   15
13.4231   17
13.4281   17
13.4331   19
13.4381   13
13.4431   19
13.4481   22
13.4531   20
13.4581   18
13.4631   23
13.4681   15
13.4731   13
13.4781   19
13.4831   23
13.4881   11
13.4931   19
13.4981   13
13.5031   28
13.5081   25
13.5131   22
13.5181   26
13.5231   10
13.5281   17
13.5331   18
13.5381   17
13.5431   24
13.5481   15
13.5531   11
13.5581   23
13.5631   25
13.5681   15
13.5731   10
13.5781   21
13.5831   16
13.5881   16
13.5931   21
13.5981   21
13.6031   15
13.6081   17
13.6131   22
13.6181   16
13.6231   21
13.6281   18
13.6331   17
13.6381   15
13.6431   20
13.6481   23
13.6531   18
13.6581   13
13.6631   20
13.6681   14
13.6731   21
13.6781   24
13.6831   18
13.6881   19
13.6931   23
13.6981   23
13.7031   18
13.7081   11
13.7131   23
13.7181   23
13.7231   12
13.7281   20
13.7331   14
13.7381   23
13.7431   13
13.7481   20
13.7531   13
13.7581   18
13.7631   23
13.7681   16
13.7731   18
13.7781   19
13.7831   16
13.7881   25
13.7931   17
13.7981   14
13.8031   22
13.8081   14
13.8131   19
13.8181   13
13.8231   15
13.8281   11
13.8331   18
13.8381   21
13.8431   17
13.8481   19
13.8531   25
13.8581   14
13.8631   20
13.8681   15
13.8731   11
13.8781   15
13.8831   22
13.8881   17
13.8931    9
13.8981   16
13.9031   18
13.9081   17
13.9131   21
13.9181   12
13.9231   14
13.9281   17
13.9331   15
13.9381   20
13.9431   15
13.9481   19
13.9531   23
13.9581   19
13.9631   19
13.9681   20
13.9731   16
13.9781   24
13.9831   18
13.9881   17
13.9931   20
13.9981    8
14.0031   18
14.0081   16
14.0131   16
14.0181   22
14.0231   22
14.0281   10
14.0331   18
14.0381   17
14.0431   17
14.0481   16
14.0531   15
14.0581   15
14.0631   21
14.0681   14
14.0731   15
14.0781   14
14.0831   16
14.0881   18
14.0931   18
14.0981   17
14.1031   18
14.1081   22
14.1131   26
14.1181   18
14.1231   19
14.1281   10
14.1331   24
14.1381   20
14.1431   13
14.1481   16
14.1531   18
14.1581   11
14.1631   19
14.1681   28
14.1731   28
14.1781   17
14.1831   23
14.1881   22
14.1931   13
14.1981   15
14.2031   17
14.2081   19
14.2131   14
14.2181   13
14.2231   12
14.2281   19
14.2331   19
14.2381   23
14.2431   11
14.2481   20
14.2531   21
14.2581   23
14.2631   24
14.2681   12
14.2731   19
14.2781   26
14.2831   13
14.2881   16
14.2931   24
14.2981   18
14.3031   20
14.3081   23
14.3131   12
14.3181   16
14.3231   19
14.3281   22
14.3331   16
14.3381   15
14.3431   19
14.3481   13
14.3531   21
14.3581   19
14.3631    8
14.3681   26
14.3731   16
14.3781   19
14.3831   13
14.3881   19
14.3931   20
14.3981   19
14.4031   24
14.4081   15
14.4131   24
14.4181   12
14.4231   15
14.4281   23
14.4331   22
14.4381   19
14.4431   17
14.4481   13
14.4531   14
14.4581   14
14.4631   12
14.4681   21
14.4731    7
14.4781   21
14.4831   10
14.4881   16
14.4931   19
14.4981   15
14.5031   18
14.5081   20
14.5131   21
14.5181   15
14.5231   13
14.5281   15
14.5331   16
14.5381   16
14.5431   14
14.5481   19
14.5531   12
14.5581   15
14.5631   14
14.5681   16
14.5731   23
14.5781   21
14.5831   16
14.5881   22
14.5931   19
14.5981   23
14.6031   24
14.6081   21
14.6131   30
14.6181   23
14.6231   21
14.6281   22
14.6331   20
14.6381   36
14.6431   27
14.6481   25
14.6531   32
14.6581   36
14.6631   35
14.6681   34
14.6731   36
14.6781   33
14.6831   38
14.6881   39
14.6931   26
14.6981   33
14.7031   38
14.7081   39
14.7131   39
14.7181   28
14.7231   23
14.7281   31
14.7331   48
14.7381   39
14.7431   33
14.7481   29
14.7531   38
14.7581   39
14.7631   45
14.7681   34
14.7731   40
14.7781   39
14.7831   38
14.7881   29
14.7931   34
14.7981   32
14.8031   37
14.8081   34
14.8131   34
14.8181   25
14.8231   30
14.8281   21
14.8331   26
14.8381   27
14.8431   25
14.8481   28
14.8531   17
14.8581   23
14.8631   22
14.8681   23
14.8731   21
14.8781   27
14.8831   23
14.8881   22
14.8931   16
14.8981   17
14.9031   27
14.9081   17
14.9131   25
14.9181   20
14.9231   21
14.9281   18
14.9331   18
14.9381   25
14.9431   25
14.9481   10
14.9531   16
14.9581   22
14.9631    9
14.9681   17
14.9731   18
14.9781   17
14.9831   16
14.9881   21
14.9931   19
14.9981   22
15.0031   24
15.0081   21
15.0131   21
15.0181   21
15.0231    9
15.0281   15
15.0331   18
15.0381   20
15.0431   26
15.0481   11
15.0531   21
15.0581   20
15.0631   13
15.0681   24
15.0731   19
15.0781   18
15.0831   20
15.0881   21
15.0931   19
15.0981   13
15.1031   20
15.1081   25
15.1131   20
15.1181   17
15.1231   21
15.1281   21
15.1331   19
15.1381   16
15.1431   20
15.1481   28
15.1531   16
15.1581   18
15.1631   21
15.1681   19
15.1731   25
15.1781   14
15.1831   20
15.1881   11
15.1931   18
15.1981   15
15.2031   19
15.2081   22
15.2131   21
15.2181   24
15.2231   20
15.2281   26
15.2331   17
15.2381   15
15.2431   18
15.2481   27
15.2531   16
15.2581   20
15.2631   13
15.2681   15
15.2731   23
15.2781   15
15.2831   17
15.2881   10
15.2931   13
15.2981   16
15.3031   21
15.3081   21
15.3131   15
15.3181   18
15.3231   12
15.3281    6
15.3331   11
15.3381   19
15.3431   11
15.3481   14
15.3531   13
15.3581   13
15.3631    8
15.3681   11
15.3731   16
15.3781   14
15.3831   27
15.3881   19
15.3931   15
15.3981   20
15.4031   13
15.4081   17
15.4131   25
15.4181   17
15.4231   10
15.4281   12
15.4331    8
15.4381   16
15.4431   17
15.4481   16
15.4531   12
15.4581   13
15.4631   12
15.4681   18
15.4731   12
15.4781   15
15.4831   11
15.4881   10
15.4931   12
15.4981   14
15.5031    9
15.5081   15
15.5131   10
15.5181   13
15.5231    9
15.5281   15
15.5331    8
15.5381    8
15.5431   14
15.5481   13
15.5531   11
15.5581   20
15.5631   16
15.5681   15
15.5731   13
15.5781   15
15.5831   13
15.5881    9
15.5931   20
15.5981   13
15.6031   16
15.6081   15
15.6131   13
15.6181   19
15.6231   13
15.6281   18
15.6331   13
15.6381   15
15.6431   15
15.6481   12
15.6531   19
15.6581   14
15.6631   15
15.6681   15
15.6731   16
15.6781   12
15.6831   18
15.6881    9
15.6931   10
15.6981   14
15.7031   12
15.7081   12
15.7131    5
15.7181   11
15.7231   18
15.7281   17
15.7331   13
15.7381   12
15.7431   17
15.7481   17
15.7531   13
15.7581   12
15.7631   18
15.7681   11
15.7731   16
15.7781   20
15.7831   14
15.7881   16
15.7931   12
15.7981    7
15.8031   16
15.8081   13
15.8131   13
15.8181    9
15.8231   12
15.8281   12
15.8331   14
15.8381    8
15.8431   20
15.8481   11
15.8531   15
15.8581   13
15.8631   12
15.8681   20
15.8731   10
15.8781   11
15.8831   15
15.8881   12
15.8931    9
15.8981   13
15.9031    9
15.9081   14
15.9131   11
15.9181    5
15.9231   11
15.9281   10
15.9331    7
15.9381   12
15.9431    9
15.9481   14
15.9531   12
15.9581   10
15.9631   10
15.9681   12
15.9731   11
15.9781   11
15.9831    9
15.9881   14
15.9931   12
15.9981   11
16.0031    9
16.0081    9
16.0131   10
16.0181   10
16.0231   12
16.0281    8
16.0331   16
16.0381   16
16.0431    9
16.0481   18
16.0531   15
16.0581   14
16.0631    6
16.0681    9
16.0731    9
16.0781    9
16.0831   13
16.0881    7
16.0931   13
16.0981   14
16.1031   10
16.1081   12
16.1131    7
16.1181    8
16.1231   10
16.1281    8
16.1331   14
16.1381   16
16.1431   13
16.1481   15
16.1531    3
16.1581   10
16.1631   11
16.1681   15
16.1731   11
16.1781    9
16.1831    6
16.1881    9
16.1931   16
16.1981   16
16.2031   15
16.2081   11
16.2131    9
16.2181   12
16.2231    4
16.2281   10
16.2331    9
16.2381   12
16.2431   13
16.2481   16
16.2531   16
16.2581   10
16.2631    3
16.2681   15
16.2731    9
16.2781   11
16.2831    8
16.2881   13
16.2931    7
16.2981    9
16.3031   10
16.3081   13
16.3131   12
16.3181    6
16.3231    6
16.3281   13
16.3331   11
16.3381   10
16.3431    8
16.3481   13
16.3531    7
16.3581   11
16.3631    8
16.3681   15
16.3731   11
16.3781   14
16.3831    9
16.3881   12
16.3931   14
16.3981   10
16.4031   12
16.4081    5
16.4131   11
16.4181   10
16.4231   11
16.4281   20
16.4331   10
16.4381   11
16.4431   10
16.4481   11
16.4531   15
16.4581    8
16.4631    7
16.4681   14
16.4731   12
16.4781   10
16.4831   12
16.4881    5
16.4931   17
16.4981    9
16.5031   22
16.5081   11
16.5131    7
16.5181   10
16.5231   17
16.5281   10
16.5331   14
16.5381    8
16.5431    9
16.5481   10
16.5531   16
16.5581    9
16.5631   15
16.5681    6
16.5731    8
16.5781   12
16.5831    7
16.5881   12
16.5931   11
16.5981   12
16.6031   16
16.6081    9
16.6131    9
16.6181   11
16.6231    7
16.6281   14
16.6331    8
16.6381   13
16.6431    6
16.6481   15
16.6531   12
16.6581   11
16.6631    6
16.6681    8
16.6731   10
16.6781   12
16.6831   14
16.6881   10
16.6931   13
16.6981   11
16.7031    8
16.7081    9
16.7131   14
16.7181   15
16.7231   16
16.7281   13
16.7331   12
16.7381    6
16.7431    9
16.7481    9
16.7531    7
16.7581    8
16.7631   13
16.7681   11
16.7731    9
16.7781    9
16.7831   11
16.7881    4
16.7931   12
16.7981   10
16.8031   13
16.8081    7
16.8131    5
16.8181    5
16.8231   12
16.8281   11
16.8331   10
16.8381    9
16.8431    9
16.8481   13
16.8531   12
16.8581    8
16.8631   13
16.8681    9
16.8731   10
16.8781    3
16.8831   12
16.8881    5
16.8931    6
16.8981   14
16.9031   13
16.9081   10
16.9131   10
16.9181    8
16.9231   14
16.9281   10
16.9331   20
16.9381    5
16.9431   11
16.9481   11
16.9531    7
16.9581   10
16.9631   10
16.9681   11
16.9731   11
16.9781   11
16.9831    9
16.9881   10
16.9931   13
16.9981    9
17.0031    6
17.0081    4
17.0131    9
17.0181    6
17.0231   11
17.0281    9
17.0331    8
17.0381   16
17.0431    6
17.0481    9
17.0531    8
17.0581   16
17.0631    6
17.0681   12
17.0731    6
17.0781    9
17.0831   14
17.0881   10
17.0931    9
17.0981    6
17.1031    6
17.1081    7
17.1131    8
17.1181   14
17.1231   10
17.1281    7
17.1331    8
17.1381   10
17.1431    7
17.1481    6
17.1531   10
17.1581   12
17.1631   12
17.1681    8
17.1731   13
17.1781   12
17.1831   11
17.1881    6
17.1931   10
17.1981   10
17.2031   11
17.2081    6
17.2131   10
17.2181    7
17.2231   15
17.2281    7
17.2331    5
17.2381    8
17.2431    7
17.2481   11
17.2531    7
17.2581    7
17.2631   10
17.2681    8
17.2731    7
17.2781    9
17.2831   14
17.2881    4
17.2931    8
17.2981    6
17.3031   10
17.3081   11
17.3131   13
17.3181    3
17.3231   16
17.3281   14
17.3331   10
17.3381    5
17.3431    6
17.3481   12
17.3531    3
17.3581   12
17.3631    9
17.3681    5
17.3731   11
17.3781   11
17.3831    6
17.3881   11
17.3931   14
17.3981   10
17.4031    6
17.4081    3
17.4131    4
17.4181    9
17.4231    6
17.4281    9
17.4331    6
17.4381    7
17.4431   10
17.4481    7
17.4531   11
17.4581    8
17.4631   15
17.4681    7
17.4731   11
17.4781    3
17.4831   11
17.4881   10
17.4931   13
17.4981    6
17.5031   12
17.5081    6
17.5131    8
17.5181   10
17.5231   11
17.5281    5
17.5331    8
17.5381   10
17.5431    8
17.5481    8
17.5531    8
17.5581    9
17.5631   11
17.5681   11
17.5731   10
17.5781   10
17.5831    6
17.5881   21
17.5931   11
17.5981   10
17.6031    5
17.6081    5
17.6131   13
17.6181   12
17.6231   11
17.6281    8
17.6331    7
17.6381   10
17.6431    4
17.6481    7
17.6531    7
17.6581    7
17.6631    7
17.6681   12
17.6731    8
17.6781    9
17.6831   12
17.6881    9
17.6931   10
17.6981    8
17.7031    7
17.7081    6
17.7131    7
17.7181    7
17.7231   10
17.7281    7
17.7331    7
17.7381    5
17.7431   11
17.7481    6
17.7531    7
17.7581   10
17.7631    7
17.7681   10
17.7731    5
17.7781    7
17.7831   12
17.7881    8
17.7931   11
17.7981   13
17.8031   14
17.8081   10
17.8131   12
17.8181    8
17.8231   10
17.8281    5
17.8331    6
17.8381   12
17.8431   11
17.8481    6
17.8531    4
17.8581    9
17.8631   12
17.8681    8
17.8731    7
17.8781   10
17.8831   10
17.8881    9
17.8931    8
17.8981    5
17.9031    9
17.9081    3
17.9131   12
17.9181    6
17.9231   13
17.9281    5
17.9331    8
17.9381    6
17.9431    6
17.9481   12
17.9531    7
17.9581   14
17.9631    9
17.9681    6
17.9731   12
17.9781   11
17.9831    5
17.9881    7
17.9931    6
17.9981    8
18.0031    7
18.0081    8
18.0131    7
18.0181    9
18.0231    6
18.0281    7
18.0331   12
18.0381    4
18.0431   17
18.0481   10
18.0531    9
18.0581   10
18.0631   13
18.0681    4
18.0731    3
18.0781    9
18.0831    6
18.0881   11
18.0931    8
18.0981    3
18.1031    9
18.1081    6
18.1131    4
18.1181   10
18.1231   12
18.1281    7
18.1331    3
18.1381    5
18.1431    6
18.1481    8
18.1531    7
18.1581   12
18.1631    6
18.1681    6
18.1731   14
18.1781    5
18.1831   11
18.1881   16
18.1931    7
18.1981    5
18.2031   11
18.2081    4
18.2131    7
18.2181    2
18.2231    8
18.2281   11
18.2331    1
18.2381    7
18.2431    2
18.2481    4
18.2531   10
18.2581    8
18.2631    8
18.2681    5
18.2731   13
18.2781    5
18.2831    6
18.2881   13
18.2931    6
18.2981    7
18.3031    5
18.3081   11
18.3131    6
18.3181    6
18.3231    3
18.3281    6
18.3331    7
18.3381    7
18.3431   10
18.3481    8
18.3531    7
18.3581   10
18.3631   10
18.3681    4
18.3731    5
18.3781    8
18.3831    4
18.3881    4
18.3931   10
18.3981    6
18.4031    3
18.4081    5
18.4131    6
18.4181    3
18.4231    5
18.4281    6
18.4331    8
18.4381    8
18.4431   10
18.4481    6
18.4531    8
18.4581    4
18.4631    9
18.4681    9
18.4731   11
18.4781    6
18.4831    7
18.4881    6
18.4931    5
18.4981    9
18.5031    5
18.5081    4
18.5131    8
18.5181    3
18.5231   10
18.5281   12
18.5331    8
18.5381    6
18.5431    8
18.5481    9
18.5531    8
18.5581    6
18.5631    7
18.5681   11
18.5731    9
18.5781    8
18.5831    7
18.5881    7
18.5931    7
18.5981    9
18.6031    6
18.6081    9
18.6131    9
18.6181    8
18.6231    8
18.6281    6
18.6331    3
18.6381    6
18.6431   10
18.6481    7
18.6531    9
18.6581    6
18.6631    2
18.6681    9
18.6731   11
18.6781    5
18.6831    5
18.6881    8
18.6931    9
18.6981    9
18.7031   10
18.7081    9
18.7131    8
18.7181    3
18.7231    5
18.7281    7
18.7331    7
18.7381    9
18.7431    4
18.7481    8
18.7531    4
18.7581    5
18.7631    9
18.7681    7
18.7731    9
18.7781    7
18.7831    9
18.7881    9
18.7931    7
18.7981    8
18.8031    3
18.8081    8
18.8131    6
18.8181    1
18.8231    3
18.8281    5
18.8331    5
18.8381    3
18.8431    8
18.8481    9
18.8531    4
18.8581    8
18.8631    8
18.8681    6
18.8731   12
18.8781    9
18.8831    6
18.8881   10
18.8931    7
18.8981    6
18.9031    3
18.9081    4
18.9131    5
18.9181    5
18.9231    7
18.9281    8
18.9331    7
18.9381    5
18.9431   11
18.9481   10
18.9531    6
18.9581    7
18.9631    5
18.9681    4
18.9731   13
18.9781    3
18.9831    9
18.9881    6
18.9931    8
18.9981    7
19.0031   11
19.0081   17
19.0131    3
19.0181    5
19.0231    8
19.0281    9
19.0331    4
19.0381    7
19.0431    7
19.0481    3
19.0531    7
19.0581    4
19.0631    3
19.0681    3
19.0731    7
19.0781    9
19.0831    5
19.0881    7
19.0931    5
19.0981    7
19.1031   12
19.1081    8
19.1131    7
19.1181   10
19.1231    1
19.1281    3
19.1331    8
19.1381    5
19.1431    6
19.1481    9
19.1531    7
19.1581    6
19.1631    8
19.1681    5
19.1731    3
19.1781    5
19.1831    4
19.1881    4
19.1931    8
19.1981    6
19.2031    5
19.2081    9
19.2131    7
19.2181    6
19.2231    2
19.2281    8
19.2331    9
19.2381   11
19.2431    4
19.2481   10
19.2531   12
19.2581    3
19.2631    8
19.2681    4
19.2731    7
19.2781    5
19.2831    2
19.2881    8
19.2931    4
19.2981    9
19.3031    1
19.3081    7
19.3131    5
19.3181    7
19.3231    3
19.3281    5
19.3331    6
19.3381    6
19.3431    3
19.3481   12
19.3531    5
19.3581   10
19.3631   10
19.3681    6
19.3731    2
19.3781    6
19.3831    6
19.3881    2
19.3931    8
19.3981    8
19.4031    6
19.4081    5
19.4131    7
19.4181    8
19.4231    6
19.4281    1
19.4331    4
19.4381    6
19.4431    7
19.4481    4
19.4531    5
19.4581    6
19.4631    7
19.4681    7
19.4731    5
19.4781    3
19.4831    6
19.4881    8
19.4931    8
19.4981    4
19.5031    5
19.5081    3
19.5131    6
19.5181    2
19.5231    9
19.5281    7
19.5331    4
19.5381    6
19.5431    7
19.5481    5
19.5531    5
19.5581    4
19.5631    5
19.5681    6
19.5731   10
19.5781    6
19.5831   12
19.5881    9
19.5931    7
19.5981    8
19.6031    8
19.6081    2
19.6131    5
19.6181   10
19.6231    6
19.6281    3
19.6331    8
19.6381    5
19.6431    6
19.6481    4
19.6531    8
19.6581    8
19.6631    4
19.6681    4
19.6731    6
19.6781    6
19.6831    7
19.6881   10
19.6931    5
19.6981    2
19.7031    3
19.7081    6
19.7131    8
19.7181    2
19.7231    7
19.7281    7
19.7331   11
19.7381    7
19.7431    5
19.7481    5
19.7531    7
19.7581    6
19.7631    4
19.7681    4
19.7731    7
19.7781    3
19.7831    8
19.7881    2
19.7931    2
19.7981    8
19.8031    5
19.8081    2
19.8131    3
19.8181    7
19.8231   11
19.8281    5
19.8331    7
19.8381    3
19.8431    3
19.8481    7
19.8531    7
19.8581    4
19.8631    9
19.8681    3
19.8731    8
19.8781    3
19.8831    8
19.8881    8
19.8931    9
19.8981    4
19.9031    5
19.9081    7
19.9131    5
19.9181    3
19.9231    7
19.9281    3
19.9331    2
19.9381    3
19.9431    6
19.9481    7
19.9531    7
19.9581    7
19.9631    2
19.9681    5
19.9731    5
19.9781    2
19.9831    3
19.9881    9
19.9931    6
19.9981    4
