40000 1490586673
40000 1490586674
40029 1490586675
40015 1490586676
160 1490586676
40015 1490586677
40020 1490586678
40017 1490586679
40019 1490586680
3140 1490586680
40016 1490586681
40015 1490586682
40018 1490586683
40012 1490586684
40021 1490586685
40014 1490586686
40012 1490586687
40017 1490586688
40014 1490586689
40013 1490586690
40012 1490586691
40018 1490586692
40020 1490586693
40016 1490586694
40011 1490586695
40010 1490586696
1660 1490586696
40013 1490586697
40011 1490586698
40015 1490586699
40013 1490586700
3700 1490586700
40017 1490586701
40013 1490586702
40014 1490586703
40015 1490586704
40017 1490586705
40015 1490586706
40011 1490586707
600 1490586707
40017 1490586708
40021 1490586709
40016 1490586710
40013 1490586711
40021 1490586712
40019 1490586713
40012 1490586714
40016 1490586715
40016 1490586716
40023 1490586717
40011 1490586718
40020 1490586719
40014 1490586720
40019 1490586721
40018 1490586722
40010 1490586723
40015 1490586724
40016 1490586725
40020 1490586726
40019 1490586727
40010 1490586728
40019 1490586729
40017 1490586730
40007 1490586731
40012 1490586732
40017 1490586733
40021 1490586734
40018 1490586735
40011 1490586736
40012 1490586737
40022 1490586738
40010 1490586739
40013 1490586740
40012 1490586741
40007 1490586742
40005 1490586743
40011 1490586744
40015 1490586745
40014 1490586746
40015 1490586747
40024 1490586748
40017 1490586749
40021 1490586750
40017 1490586751
4340 1490586751
40010 1490586752
40017 1490586753
40013 1490586754
40018 1490586755
40018 1490586756
40019 1490586757
7900 1490586758
40014 1490586758
40015 1490586759
40023 1490586760
14040 1490586761
40016 1490586761
1680 1490586761
40021 1490586762
40013 1490586763
40009 1490586764
40015 1490586765
40011 1490586766
40009 1490586767
40017 1490586768
40011 1490586769
1360 1490586769
40011 1490586770
40018 1490586771
40013 1490586772
40020 1490586773
40014 1490586774
40017 1490586775
40012 1490586776
40019 1490586777
40015 1490586778
40016 1490586779
40021 1490586780
40017 1490586781
40013 1490586782
40017 1490586783
40020 1490586784
40014 1490586785
40023 1490586786
40013 1490586787
40014 1490586788
40017 1490586789
580 1490586789
40010 1490586790
40016 1490586791
40019 1490586792
40012 1490586793
40013 1490586794
40024 1490586795
40016 1490586796
40017 1490586797
40017 1490586798
40011 1490586799
180 1490586799
40019 1490586800
640 1490586801
40012 1490586801
40009 1490586802
40010 1490586803
40020 1490586804
40014 1490586805
40021 1490586806
40016 1490586807
2380 1490586807
40019 1490586808
40013 1490586809
40011 1490586810
40019 1490586811
40019 1490586812
2580 1490586812
40020 1490586813
4100 1490586814
40008 1490586814
2140 1490586814
40023 1490586815
40027 1490586816
40013 1490586817
40014 1490586818
40009 1490586819
40012 1490586820
40013 1490586821
40004 1490586822
40021 1490586823
40016 1490586824
40018 1490586825
40010 1490586826
40014 1490586827
40019 1490586828
40013 1490586829
40021 1490586830
40019 1490586831
40010 1490586832
40030 1490586833
40018 1490586834
40014 1490586835
40014 1490586836
40011 1490586837
40014 1490586838
40009 1490586839
40016 1490586840
40009 1490586841
40009 1490586842
14060 1490586842
40016 1490586843
40012 1490586844
40016 1490586845
40016 1490586846
40015 1490586847
40017 1490586848
40019 1490586849
40016 1490586850
40008 1490586851
40015 1490586852
40014 1490586853
40017 1490586854
40015 1490586855
40017 1490586856
40018 1490586857
40015 1490586858
40025 1490586859
40013 1490586860
40013 1490586861
40016 1490586862
40018 1490586863
40017 1490586864
40010 1490586865
40016 1490586866
40015 1490586867
40009 1490586868
40015 1490586869
40020 1490586870
40018 1490586871
40009 1490586872
40015 1490586873
40013 1490586874
40016 1490586875
40011 1490586876
40014 1490586877
40017 1490586878
40010 1490586879
40020 1490586880
40013 1490586881
40015 1490586882
40019 1490586883
40015 1490586884
40017 1490586885
40012 1490586886
1300 1490586886
40011 1490586887
40016 1490586888
40011 1490586889
40014 1490586890
40018 1490586891
40020 1490586892
40010 1490586893
40012 1490586894
40015 1490586895
40013 1490586896
320 1490586896
40016 1490586897
40014 1490586898
40017 1490586899
40012 1490586900
40016 1490586901
40016 1490586902
40014 1490586903
40013 1490586904
40017 1490586905
40013 1490586906
40016 1490586907
40012 1490586908
40012 1490586909
40014 1490586910
40012 1490586911
40018 1490586912
40019 1490586913
40016 1490586914
40017 1490586915
1300 1490586915
40017 1490586916
40016 1490586917
40019 1490586918
2220 1490586919
40015 1490586919
40008 1490586920
40012 1490586921
40015 1490586922
40009 1490586923
40013 1490586924
40011 1490586925
40015 1490586926
40015 1490586927
40011 1490586928
1460 1490586928
40013 1490586929
40022 1490586930
40015 1490586931
40014 1490586932
40016 1490586933
40017 1490586934
1820 1490586934
40016 1490586935
40016 1490586936
40013 1490586937
40017 1490586938
40012 1490586939
180 1490586939
40010 1490586940
40023 1490586941
40010 1490586942
40014 1490586943
40017 1490586944
2320 1490586944
40021 1490586945
40015 1490586946
40020 1490586947
40018 1490586948
40018 1490586949
40015 1490586950
40018 1490586951
40013 1490586952
40016 1490586953
40017 1490586954
160 1490586954
40025 1490586955
40013 1490586956
40011 1490586957
40015 1490586958
40018 1490586959
40021 1490586960
40018 1490586961
40018 1490586962
40023 1490586963
40012 1490586964
40019 1490586965
40012 1490586966
40017 1490586967
620 1490586967
40020 1490586968
40020 1490586969
40013 1490586970
40011 1490586971
40019 1490586972
40017 1490586973
40012 1490586974
40013 1490586975
40016 1490586976
40014 1490586977
40015 1490586978
40010 1490586979
40012 1490586980
40015 1490586981
40015 1490586982
40012 1490586983
40013 1490586984
40012 1490586985
40024 1490586986
40009 1490586987
40008 1490586988
40023 1490586989
1400 1490586990
40014 1490586990
40010 1490586991
1800 1490586991
40013 1490586992
40014 1490586993
40016 1490586994
40017 1490586995
40019 1490586996
40013 1490586997
40012 1490586998
40014 1490586999
40013 1490587000
40023 1490587001
40016 1490587002
40009 1490587003
40012 1490587004
40019 1490587005
2240 1490587005
40017 1490587006
40017 1490587007
40015 1490587008
40002 1490587085
40000 1490587086
40000 1490587087
40000 1490587088
40000 1490587089
40000 1490587090
40000 1490587091
40000 1490587092
40000 1490587093
40000 1490587094
40000 1490587095
40000 1490587096
40000 1490587097
40000 1490587098
40000 1490587099
40000 1490587100
40000 1490587101
40000 1490587102
40000 1490587103
40000 1490587104
40000 1490587105
40000 1490587106
40000 1490587107
40000 1490587108
40000 1490587109
40000 1490587110
40000 1490587111
40000 1490587112
40000 1490587113
