40000 1490594923
40000 1490594924
40030 1490594925
40015 1490594926
40014 1490594927
40010 1490594928
40011 1490594929
40015 1490594930
40013 1490594931
40016 1490594932
40013 1490594933
40010 1490594934
40021 1490594935
40018 1490594936
40014 1490594937
40016 1490594938
40018 1490594939
40018 1490594940
40014 1490594941
160 1490594941
40013 1490594942
40013 1490594943
180 1490594943
40014 1490594944
480 1490594945
40014 1490594945
40010 1490594946
40014 1490594947
40016 1490594948
40011 1490594949
40018 1490594950
40009 1490594951
40008 1490594952
40021 1490594953
40017 1490594954
40011 1490594955
40012 1490594956
40015 1490594957
40012 1490594958
40009 1490594959
40018 1490594960
40013 1490594961
40010 1490594962
40009 1490594963
40017 1490594964
40018 1490594965
40011 1490594966
40018 1490594967
40010 1490594968
40009 1490594969
40020 1490594970
40013 1490594971
40016 1490594972
40015 1490594973
40013 1490594974
40014 1490594975
40020 1490594976
40013 1490594977
40014 1490594978
40012 1490594979
40016 1490594980
160 1490594980
40019 1490594981
40013 1490594982
40015 1490594983
40010 1490594984
40011 1490594985
40022 1490594986
40004 1490594987
40013 1490594988
40014 1490594989
40013 1490594990
40021 1490594991
40012 1490594992
40018 1490594993
40019 1490594994
40011 1490594995
40014 1490594996
40017 1490594997
40015 1490594998
40014 1490594999
40010 1490595000
40009 1490595001
40017 1490595002
40014 1490595003
40011 1490595004
40017 1490595005
40013 1490595006
720 1490595006
40021 1490595007
1480 1490595008
40019 1490595008
40008 1490595009
40014 1490595010
40017 1490595011
40015 1490595012
40008 1490595013
40011 1490595014
40020 1490595015
40011 1490595016
40012 1490595017
40006 1490595018
40019 1490595019
40012 1490595020
40022 1490595021
40010 1490595022
40011 1490595023
40022 1490595024
40013 1490595025
40016 1490595026
40011 1490595027
40015 1490595028
40008 1490595029
40015 1490595030
40019 1490595031
40013 1490595032
40020 1490595033
40013 1490595034
40011 1490595035
40011 1490595036
40014 1490595037
40020 1490595038
40020 1490595039
40011 1490595040
2940 1490595041
40020 1490595041
40011 1490595042
40022 1490595043
40015 1490595044
40016 1490595045
40009 1490595046
40014 1490595047
40018 1490595048
40014 1490595049
40016 1490595050
40014 1490595051
40016 1490595052
40009 1490595053
40018 1490595054
40015 1490595055
40017 1490595056
40016 1490595057
40008 1490595058
40016 1490595059
40022 1490595060
40010 1490595061
40024 1490595062
40015 1490595063
40012 1490595064
40013 1490595065
40017 1490595066
40013 1490595067
40014 1490595068
40009 1490595069
40009 1490595070
40016 1490595071
40013 1490595072
40010 1490595073
40016 1490595074
40008 1490595075
40015 1490595076
40024 1490595077
40019 1490595078
40020 1490595079
3440 1490595080
40016 1490595080
40013 1490595081
40015 1490595082
40011 1490595083
220 1490595083
40020 1490595084
40015 1490595085
40011 1490595086
40014 1490595087
40017 1490595088
40010 1490595089
40010 1490595090
40017 1490595091
40024 1490595092
40012 1490595093
40015 1490595094
40013 1490595095
40012 1490595096
40017 1490595097
40020 1490595098
40013 1490595099
40014 1490595100
40013 1490595101
40017 1490595102
40013 1490595103
40017 1490595104
8120 1490595104
40013 1490595105
40010 1490595106
40014 1490595107
40015 1490595108
40010 1490595109
40004 1490595110
40006 1490595111
40015 1490595112
1840 1490595113
40015 1490595113
1840 1490595114
40016 1490595114
40026 1490595115
40015 1490595116
40021 1490595117
40014 1490595118
260 1490595118
40023 1490595119
40015 1490595120
40017 1490595121
240 1490595121
40020 1490595122
40010 1490595123
40017 1490595124
40014 1490595125
40014 1490595126
40013 1490595127
40016 1490595128
40019 1490595129
40016 1490595130
40013 1490595131
40018 1490595132
40010 1490595133
40014 1490595134
40015 1490595135
40018 1490595136
40014 1490595137
40020 1490595138
40015 1490595139
40013 1490595140
40013 1490595141
40016 1490595142
40019 1490595143
40018 1490595144
40015 1490595145
40020 1490595146
40014 1490595147
40013 1490595148
40014 1490595149
40012 1490595150
40008 1490595151
40008 1490595152
40015 1490595153
40015 1490595154
40017 1490595155
40013 1490595156
40017 1490595157
40011 1490595158
40014 1490595159
40011 1490595160
40009 1490595161
40011 1490595162
40013 1490595163
40008 1490595164
40017 1490595165
40017 1490595166
40012 1490595167
40017 1490595168
40013 1490595169
40015 1490595170
40015 1490595171
40024 1490595172
40006 1490595173
40014 1490595174
40013 1490595175
40020 1490595176
40013 1490595177
40017 1490595178
40014 1490595179
40012 1490595180
40010 1490595181
1120 1490595182
40011 1490595182
40020 1490595183
40014 1490595184
40013 1490595185
40013 1490595186
40008 1490595187
40014 1490595188
40013 1490595189
40014 1490595190
40013 1490595191
40009 1490595192
40010 1490595193
40015 1490595194
40012 1490595195
40021 1490595196
40018 1490595197
40018 1490595198
40011 1490595199
40016 1490595200
40015 1490595201
40011 1490595202
40019 1490595203
160 1490595203
40019 1490595204
40011 1490595205
40012 1490595206
40009 1490595207
40016 1490595208
40018 1490595209
40020 1490595210
40016 1490595211
40024 1490595212
40013 1490595213
160 1490595214
40010 1490595214
40017 1490595215
40015 1490595216
40013 1490595217
40015 1490595218
40018 1490595219
40021 1490595220
40015 1490595221
40021 1490595222
40012 1490595223
40009 1490595224
40013 1490595225
40018 1490595226
40016 1490595227
1960 1490595228
40021 1490595228
40012 1490595229
40015 1490595230
40026 1490595231
40025 1490595232
40013 1490595233
40012 1490595234
40010 1490595235
40018 1490595236
40010 1490595237
40005 1490595238
40009 1490595239
40022 1490595240
40012 1490595241
6920 1490595242
40018 1490595242
40011 1490595243
40008 1490595244
40014 1490595245
40012 1490595246
40013 1490595247
40015 1490595248
40013 1490595249
560 1490595249
40023 1490595250
40009 1490595251
40012 1490595252
40021 1490595253
40014 1490595254
40010 1490595255
40025 1490595256
40011 1490595257
40016 1490595258
40012 1490595259
40009 1490595260
40019 1490595261
40006 1490595262
40015 1490595263
40023 1490595264
300 1490595265
40015 1490595265
160 1490595266
40017 1490595266
40020 1490595267
40015 1490595268
40012 1490595269
40014 1490595270
40007 1490595271
40016 1490595272
40017 1490595273
40015 1490595274
40014 1490595275
40015 1490595276
40020 1490595277
40016 1490595278
40012 1490595279
40016 1490595280
40011 1490595281
40014 1490595282
40013 1490595283
40020 1490595284
40015 1490595285
40016 1490595286
40011 1490595287
40012 1490595288
40017 1490595289
40015 1490595290
40017 1490595291
40013 1490595292
40015 1490595293
40019 1490595294
40016 1490595295
40012 1490595296
40022 1490595297
40028 1490595298
40019 1490595299
40012 1490595300
40013 1490595301
160 1490595301
40010 1490595302
40008 1490595303
40022 1490595304
40015 1490595305
40015 1490595306
40025 1490595307
40023 1490595308
40012 1490595309
40016 1490595310
40017 1490595311
40013 1490595312
40016 1490595313
40012 1490595314
720 1490595315
40011 1490595315
40016 1490595316
40011 1490595317
7280 1490595318
40024 1490595318
40008 1490595319
40021 1490595320
40015 1490595321
40016 1490595322
40010 1490595323
40015 1490595324
2120 1490595325
40012 1490595325
40018 1490595326
40015 1490595327
40018 1490595328
40018 1490595329
40009 1490595330
40017 1490595331
40014 1490595332
40012 1490595333
40024 1490595334
40014 1490595335
40020 1490595336
40010 1490595337
40019 1490595338
40017 1490595339
40017 1490595340
40016 1490595341
760 1490595342
1140 1490595342
40017 1490595342
40016 1490595343
40014 1490595344
40014 1490595345
40015 1490595346
40016 1490595347
40012 1490595348
40021 1490595349
40009 1490595350
40011 1490595351
40017 1490595352
40016 1490595353
980 1490595354
40014 1490595354
40019 1490595355
40018 1490595356
40014 1490595357
40012 1490595358
5260 1490595358
40018 1490595359
40014 1490595360
2060 1490595361
40016 1490595361
40016 1490595362
40014 1490595363
40018 1490595364
2560 1490595364
40013 1490595365
40014 1490595366
6680 1490595367
40021 1490595367
40016 1490595368
160 1490595369
40008 1490595369
160 1490595369
40008 1490595370
40012 1490595371
40018 1490595372
3620 1490595373
40014 1490595373
40019 1490595374
40008 1490595375
40017 1490595376
40010 1490595377
40021 1490595378
40015 1490595379
40016 1490595380
160 1490595381
40012 1490595381
40018 1490595382
40010 1490595383
40013 1490595384
40015 1490595385
40014 1490595386
40008 1490595387
40015 1490595388
40015 1490595389
160 1490595390
40018 1490595390
40023 1490595391
40010 1490595392
40019 1490595393
40015 1490595394
40010 1490595395
40014 1490595396
40019 1490595397
5320 1490595397
40019 1490595398
40019 1490595399
40021 1490595400
40015 1490595401
40008 1490595402
40023 1490595403
40016 1490595404
40018 1490595405
40014 1490595406
40013 1490595407
4620 1490595408
40018 1490595408
40014 1490595409
40027 1490595410
40022 1490595411
40017 1490595412
40016 1490595413
40012 1490595414
40012 1490595415
40015 1490595416
40015 1490595417
40021 1490595418
40014 1490595419
40012 1490595420
40014 1490595421
40015 1490595422
40014 1490595423
40014 1490595424
40010 1490595425
40019 1490595426
40013 1490595427
40018 1490595428
40016 1490595429
40012 1490595430
4340 1490595431
40018 1490595431
40022 1490595432
40016 1490595433
40019 1490595434
40013 1490595435
40014 1490595436
40012 1490595437
40013 1490595438
40013 1490595439
40014 1490595440
40013 1490595441
40016 1490595442
40013 1490595443
40016 1490595444
40007 1490595445
40016 1490595446
40014 1490595447
40012 1490595448
140 1490595449
40011 1490595449
40019 1490595450
120 1490595451
40012 1490595451
40010 1490595452
40011 1490595453
40017 1490595454
40022 1490595455
40024 1490595456
40022 1490595457
160 1490595458
40017 1490595458
40010 1490595459
40012 1490595460
40016 1490595461
40016 1490595462
4820 1490595463
40019 1490595463
40013 1490595464
40015 1490595465
40013 1490595466
40017 1490595467
40020 1490595468
40020 1490595469
40021 1490595470
40010 1490595471
140 1490595472
40016 1490595472
40021 1490595473
40012 1490595474
40008 1490595475
40015 1490595476
40019 1490595477
40009 1490595478
40017 1490595479
3080 1490595480
40019 1490595480
40007 1490595481
40014 1490595482
40018 1490595483
40017 1490595484
40015 1490595485
40021 1490595486
40008 1490595487
40012 1490595488
40020 1490595489
40020 1490595490
40015 1490595491
40015 1490595492
40014 1490595493
40015 1490595494
40012 1490595495
40016 1490595496
40021 1490595497
40018 1490595498
40012 1490595499
40020 1490595500
40019 1490595501
40017 1490595502
40014 1490595503
40018 1490595504
40012 1490595505
40014 1490595506
40008 1490595507
40022 1490595508
40016 1490595509
40020 1490595510
40010 1490595511
40016 1490595512
40018 1490595513
40014 1490595514
40016 1490595515
40019 1490595516
40014 1490595517
40014 1490595518
40014 1490595519
40014 1490595520
40011 1490595521
2560 1490595522
40010 1490595522
40009 1490595523
1700 1490595524
1620 1490595524
40012 1490595524
40012 1490595525
40016 1490595526
40014 1490595527
40017 1490595528
40012 1490595529
40017 1490595530
40023 1490595531
40009 1490595532
40009 1490595533
40016 1490595534
40022 1490595535
40018 1490595536
40017 1490595537
40015 1490595538
40014 1490595539
40014 1490595540
40012 1490595541
40018 1490595542
40016 1490595543
40019 1490595544
40012 1490595545
40015 1490595546
40012 1490595547
40010 1490595548
11180 1490595549
40018 1490595549
40012 1490595550
40013 1490595551
40014 1490595552
40014 1490595553
40017 1490595554
40017 1490595555
40017 1490595556
40019 1490595557
40021 1490595558
40016 1490595559
1820 1490595560
40017 1490595560
40015 1490595561
40011 1490595562
40015 1490595563
40021 1490595564
40021 1490595565
40015 1490595566
40019 1490595567
40020 1490595568
40009 1490595569
40018 1490595570
40019 1490595571
10600 1490595572
40015 1490595572
40015 1490595573
40020 1490595574
40017 1490595575
40018 1490595576
40013 1490595577
40018 1490595578
40012 1490595579
40014 1490595580
40014 1490595581
40011 1490595582
40013 1490595583
40015 1490595584
40012 1490595585
40020 1490595586
40008 1490595587
40016 1490595588
40018 1490595589
40022 1490595590
40010 1490595591
40020 1490595592
40014 1490595593
40014 1490595594
40013 1490595595
40012 1490595596
40012 1490595597
40007 1490595598
40014 1490595599
40010 1490595600
40012 1490595601
40017 1490595602
160 1490595603
40013 1490595603
40016 1490595604
40015 1490595605
40018 1490595606
40014 1490595607
40020 1490595608
40017 1490595609
40010 1490595610
40018 1490595611
220 1490595612
40012 1490595612
180 1490595613
40014 1490595613
380 1490595614
40013 1490595614
40018 1490595615
40017 1490595616
40011 1490595617
1420 1490595618
40018 1490595618
40008 1490595619
40013 1490595620
5820 1490595621
40011 1490595621
40016 1490595622
40015 1490595623
1560 1490595624
40018 1490595624
40011 1490595625
40011 1490595626
40027 1490595627
40014 1490595628
40018 1490595629
40014 1490595630
40017 1490595631
40018 1490595632
40017 1490595633
40015 1490595634
40019 1490595635
40019 1490595636
40013 1490595637
40016 1490595638
6100 1490595639
40015 1490595639
40017 1490595641
40018 1490595642
40019 1490595643
40018 1490595644
40017 1490595645
40011 1490595646
40012 1490595647
40019 1490595648
40012 1490595649
40014 1490595650
40013 1490595651
40015 1490595652
40015 1490595653
40014 1490595654
40010 1490595655
40019 1490595656
40010 1490595657
40017 1490595658
40008 1490595659
40020 1490595660
40011 1490595661
40011 1490595662
40013 1490595663
40012 1490595664
40013 1490595665
40013 1490595666
40016 1490595667
40011 1490595668
40016 1490595669
40017 1490595670
4520 1490595670
40018 1490595671
40017 1490595672
40009 1490595673
2740 1490595673
40015 1490595674
40019 1490595675
40015 1490595676
40026 1490595677
40016 1490595678
40015 1490595679
40017 1490595680
40018 1490595681
40023 1490595682
40014 1490595683
40012 1490595684
40017 1490595685
40017 1490595686
40016 1490595687
40019 1490595688
40017 1490595689
160 1490595689
40015 1490595690
40018 1490595691
40014 1490595692
40016 1490595693
40013 1490595694
40013 1490595695
40018 1490595696
40016 1490595697
40008 1490595698
40008 1490595699
40019 1490595700
40011 1490595701
40016 1490595702
1420 1490595702
40015 1490595703
40019 1490595704
40011 1490595705
1740 1490595705
40022 1490595706
180 1490595706
40017 1490595707
40013 1490595708
40014 1490595709
40015 1490595710
40011 1490595711
40016 1490595712
40016 1490595713
40016 1490595714
40014 1490595715
40010 1490595716
40017 1490595717
40009 1490595718
40016 1490595719
40016 1490595720
40023 1490595721
40015 1490595722
40015 1490595723
40017 1490595724
180 1490595724
40018 1490595725
40010 1490595726
40019 1490595727
40007 1490595728
40009 1490595729
40011 1490595730
40023 1490595731
40015 1490595732
40011 1490595733
40017 1490595734
40015 1490595735
40016 1490595736
2560 1490595736
40013 1490595737
40016 1490595738
40021 1490595739
40012 1490595740
40009 1490595741
40018 1490595742
40017 1490595743
40016 1490595744
40019 1490595745
40017 1490595746
40016 1490595747
40011 1490595748
40020 1490595749
40009 1490595750
40014 1490595751
40015 1490595752
40007 1490595753
40011 1490595754
40016 1490595755
40021 1490595756
40011 1490595757
3220 1490595757
40019 1490595758
40013 1490595759
40019 1490595760
40015 1490595761
40015 1490595762
40011 1490595763
40011 1490595764
40018 1490595765
40014 1490595766
40016 1490595767
40017 1490595768
40018 1490595769
40014 1490595770
40013 1490595771
40009 1490595772
40016 1490595773
40017 1490595774
40013 1490595775
40017 1490595776
160 1490595776
40014 1490595777
40018 1490595778
40023 1490595779
40012 1490595780
40012 1490595781
40013 1490595782
40009 1490595783
4180 1490595783
40017 1490595784
40017 1490595785
40008 1490595786
40008 1490595787
40017 1490595788
40012 1490595789
40010 1490595790
40014 1490595791
40016 1490595792
40018 1490595793
40013 1490595794
40017 1490595795
40014 1490595796
40013 1490595797
40018 1490595798
40012 1490595799
40014 1490595800
40023 1490595801
40011 1490595802
40012 1490595803
40015 1490595804
40016 1490595805
40016 1490595806
40015 1490595807
40012 1490595808
40023 1490595809
40016 1490595810
40022 1490595811
40014 1490595812
40016 1490595813
40012 1490595814
40016 1490595815
40012 1490595816
40014 1490595817
40020 1490595818
40014 1490595819
40017 1490595820
40013 1490595821
40018 1490595822
40014 1490595823
40013 1490595824
40025 1490595825
40013 1490595826
40014 1490595827
40013 1490595828
40008 1490595829
40009 1490595830
40013 1490595831
40017 1490595832
40011 1490595833
40017 1490595834
40017 1490595835
40014 1490595836
4980 1490595836
40019 1490595837
40013 1490595838
40017 1490595839
40011 1490595840
40005 1490595841
40012 1490595842
40015 1490595843
40012 1490595844
40013 1490595845
40012 1490595846
40020 1490595847
40018 1490595848
40016 1490595849
40012 1490595850
1060 1490595850
40010 1490595851
40011 1490595852
40012 1490595853
640 1490595853
40014 1490595854
40015 1490595855
40014 1490595856
40013 1490595857
40011 1490595858
40020 1490595859
40015 1490595860
40011 1490595861
1900 1490595862
40013 1490595862
40017 1490595863
40015 1490595864
40014 1490595865
40018 1490595866
40016 1490595867
220 1490595867
40021 1490595868
40013 1490595869
40012 1490595870
5060 1490595871
40010 1490595871
40018 1490595872
40019 1490595873
40008 1490595874
40025 1490595875
40014 1490595876
40015 1490595877
40014 1490595878
40014 1490595879
40012 1490595880
40018 1490595881
40017 1490595882
40011 1490595883
40016 1490595884
40020 1490595885
40014 1490595886
40014 1490595887
40011 1490595888
40012 1490595889
40020 1490595890
40016 1490595891
40008 1490595892
40015 1490595893
40016 1490595894
40010 1490595895
40017 1490595896
40015 1490595897
8680 1490595897
40012 1490595898
40018 1490595899
140 1490595899
40010 1490595900
40015 1490595901
40014 1490595902
40018 1490595903
40015 1490595904
40026 1490595905
40012 1490595906
40010 1490595907
40012 1490595908
40013 1490595909
40017 1490595910
40017 1490595911
40016 1490595912
40011 1490595913
40017 1490595914
120 1490595914
40013 1490595915
40008 1490595916
40020 1490595917
40011 1490595918
40020 1490595919
40015 1490595920
1360 1490595920
40011 1490595921
40009 1490595922
40015 1490595923
40010 1490595924
40014 1490595925
40014 1490595926
40005 1490595927
40014 1490595928
40014 1490595929
40011 1490595930
40012 1490595931
40017 1490595932
640 1490595932
40011 1490595933
40012 1490595934
40008 1490595935
40016 1490595936
40012 1490595937
40018 1490595938
40013 1490595939
40017 1490595940
40016 1490595941
40026 1490595942
40013 1490595943
40013 1490595944
40022 1490595945
40013 1490595946
40024 1490595947
40014 1490595948
40009 1490595949
40013 1490595950
40022 1490595951
40023 1490595952
40018 1490595953
40012 1490595954
40025 1490595955
40014 1490595956
40012 1490595957
160 1490595957
40013 1490595958
40016 1490595959
40013 1490595960
40020 1490595961
220 1490595961
40018 1490595962
40020 1490595963
40021 1490595964
40011 1490595965
40010 1490595966
40012 1490595967
40010 1490595968
40015 1490595969
6860 1490595969
40010 1490595970
40010 1490595971
40014 1490595972
40016 1490595973
1040 1490595973
40017 1490595974
40016 1490595975
1740 1490595976
40013 1490595976
40010 1490595977
40013 1490595978
40017 1490595979
40014 1490595980
40010 1490595981
40014 1490595982
40011 1490595983
40013 1490595984
40013 1490595985
40009 1490595986
40020 1490595987
40014 1490595988
40019 1490595989
40010 1490595990
40018 1490595991
40016 1490595992
40016 1490595993
40018 1490595994
40015 1490595995
40010 1490595996
40012 1490595997
40015 1490595998
40019 1490595999
40014 1490596000
40017 1490596001
40016 1490596002
40019 1490596003
40015 1490596004
40022 1490596005
40013 1490596006
40014 1490596007
40015 1490596008
40017 1490596009
40014 1490596010
40011 1490596011
40023 1490596012
5020 1490596012
40015 1490596013
40010 1490596014
40010 1490596015
40011 1490596016
40017 1490596017
40010 1490596018
40017 1490596019
700 1490596019
300 1490596020
40019 1490596020
40018 1490596021
1320 1490596022
180 1490596022
40022 1490596022
40018 1490596023
40013 1490596024
40013 1490596025
40010 1490596026
40010 1490596027
40011 1490596028
40024 1490596029
40014 1490596030
40013 1490596031
40015 1490596032
40012 1490596033
40010 1490596034
40008 1490596035
40012 1490596036
40015 1490596037
40018 1490596038
40019 1490596039
40016 1490596040
40016 1490596041
40021 1490596042
40019 1490596043
8440 1490596043
40020 1490596044
40009 1490596045
40017 1490596046
40008 1490596047
3800 1490596047
40010 1490596048
40019 1490596049
40019 1490596050
40015 1490596051
40020 1490596052
40020 1490596053
40012 1490596054
40014 1490596055
160 1490596055
40012 1490596056
40025 1490596057
40023 1490596058
40018 1490596059
40010 1490596060
580 1490596060
40013 1490596061
40012 1490596062
40014 1490596063
40014 1490596064
40016 1490596065
40015 1490596066
40015 1490596067
40010 1490596068
40019 1490596069
40016 1490596070
40015 1490596071
40014 1490596072
40015 1490596073
1500 1490596073
40017 1490596074
40011 1490596075
40023 1490596076
40014 1490596077
40024 1490596078
40008 1490596079
40011 1490596080
40016 1490596081
40014 1490596082
40021 1490596083
40014 1490596084
40018 1490596085
40012 1490596086
40015 1490596087
40012 1490596088
40015 1490596089
40016 1490596090
40010 1490596091
40015 1490596092
40017 1490596093
40016 1490596094
40019 1490596095
40018 1490596096
40017 1490596097
40009 1490596098
40013 1490596099
40015 1490596100
40018 1490596101
40020 1490596102
40014 1490596103
40020 1490596104
40012 1490596105
40011 1490596106
40012 1490596107
40011 1490596108
40013 1490596109
40017 1490596110
40015 1490596111
40018 1490596112
40021 1490596113
40019 1490596114
40015 1490596115
40019 1490596116
40017 1490596117
40014 1490596118
40022 1490596119
5100 1490596119
40016 1490596120
40013 1490596121
160 1490596121
40009 1490596122
40017 1490596123
40016 1490596124
40018 1490596125
40012 1490596126
40016 1490596127
40019 1490596128
40010 1490596129
40016 1490596130
1180 1490596131
40016 1490596131
40018 1490596132
40010 1490596133
40013 1490596134
40018 1490596135
40015 1490596136
40017 1490596137
40016 1490596138
40014 1490596139
40015 1490596140
860 1490596140
40017 1490596141
3020 1490596142
40012 1490596142
40009 1490596143
40009 1490596144
40012 1490596145
40018 1490596146
40018 1490596147
40017 1490596148
40012 1490596149
40010 1490596150
40010 1490596151
40013 1490596152
40011 1490596153
40016 1490596154
40017 1490596155
40015 1490596156
260 1490596156
40010 1490596157
40015 1490596158
40020 1490596159
40019 1490596160
40016 1490596161
40015 1490596162
40027 1490596163
40009 1490596164
40012 1490596165
40011 1490596166
40012 1490596167
40015 1490596168
40016 1490596169
40020 1490596170
40017 1490596171
40014 1490596172
40018 1490596173
40008 1490596174
40021 1490596175
40017 1490596176
160 1490596177
40014 1490596177
40013 1490596178
40020 1490596179
40017 1490596180
7260 1490596180
40010 1490596181
760 1490596181
40017 1490596182
40011 1490596183
40014 1490596184
40014 1490596185
40010 1490596186
40021 1490596187
40013 1490596188
40014 1490596189
40015 1490596190
1280 1490596190
40011 1490596191
40006 1490596192
40016 1490596193
40010 1490596194
40020 1490596195
40020 1490596196
180 1490596197
40019 1490596197
40016 1490596198
40012 1490596199
40014 1490596200
40007 1490596201
40014 1490596202
40017 1490596203
40015 1490596204
40010 1490596205
40010 1490596206
40010 1490596207
40018 1490596208
40020 1490596209
40015 1490596210
40009 1490596211
40022 1490596212
40012 1490596213
40010 1490596214
40021 1490596215
40015 1490596216
40021 1490596217
40021 1490596218
40018 1490596219
40014 1490596220
40019 1490596221
40011 1490596222
40014 1490596223
40015 1490596224
40015 1490596225
40012 1490596226
40015 1490596227
40012 1490596228
40013 1490596229
40016 1490596230
40010 1490596231
40013 1490596232
40009 1490596233
40019 1490596234
40013 1490596235
40011 1490596236
40017 1490596237
40017 1490596238
40021 1490596239
40011 1490596240
40017 1490596241
40008 1490596242
40024 1490596243
40009 1490596244
40013 1490596245
40016 1490596246
40012 1490596247
40016 1490596248
40013 1490596249
40008 1490596250
40014 1490596251
40016 1490596252
40014 1490596253
40010 1490596254
40012 1490596255
40013 1490596256
40013 1490596257
40017 1490596258
40012 1490596259
40010 1490596260
40017 1490596261
40011 1490596262
40019 1490596263
40010 1490596264
40012 1490596265
40021 1490596266
40013 1490596267
40008 1490596268
40012 1490596269
40016 1490596270
40016 1490596271
40013 1490596272
40012 1490596273
40011 1490596274
3760 1490596274
40013 1490596275
40020 1490596276
40020 1490596277
40011 1490596278
40016 1490596279
11780 1490596279
10640 1490596279
40023 1490596280
940 1490596281
40014 1490596281
40017 1490596282
40015 1490596283
40015 1490596284
40012 1490596285
1000 1490596285
40015 1490596286
40015 1490596287
40016 1490596288
40020 1490596289
40012 1490596290
40016 1490596291
40010 1490596292
40013 1490596293
40017 1490596294
40018 1490596295
40008 1490596296
40015 1490596297
40008 1490596298
40017 1490596299
40019 1490596300
40014 1490596301
40018 1490596302
40008 1490596303
40015 1490596304
40015 1490596305
40019 1490596306
40012 1490596307
40022 1490596308
40017 1490596309
40012 1490596310
40016 1490596311
40011 1490596312
40019 1490596313
40012 1490596314
40012 1490596315
40009 1490596316
40014 1490596317
40009 1490596318
40022 1490596319
40015 1490596320
40014 1490596321
40009 1490596322
40022 1490596323
40017 1490596324
40010 1490596325
40014 1490596326
40013 1490596327
40010 1490596328
40018 1490596329
40011 1490596330
40011 1490596331
40018 1490596332
40018 1490596333
40012 1490596334
40015 1490596335
40016 1490596336
40018 1490596337
40015 1490596338
40016 1490596339
40015 1490596340
40010 1490596341
40015 1490596342
40015 1490596343
40016 1490596344
40021 1490596345
40021 1490596346
40015 1490596347
40025 1490596348
40018 1490596349
2120 1490596350
40016 1490596350
40016 1490596351
40012 1490596352
40017 1490596353
40011 1490596354
40012 1490596355
40010 1490596356
40018 1490596357
40020 1490596358
40016 1490596359
40018 1490596360
40011 1490596361
40011 1490596362
40012 1490596363
40017 1490596364
40011 1490596365
40013 1490596366
40013 1490596367
2140 1490596368
40013 1490596368
40021 1490596369
40019 1490596370
40022 1490596371
40011 1490596372
40024 1490596373
40017 1490596374
40012 1490596375
40020 1490596376
40014 1490596377
40024 1490596378
40023 1490596379
40012 1490596380
40010 1490596381
40015 1490596382
40013 1490596383
40014 1490596384
40014 1490596385
40017 1490596386
40020 1490596387
40016 1490596388
40026 1490596389
40018 1490596390
140 1490596391
40010 1490596391
40009 1490596392
40009 1490596393
40013 1490596394
40021 1490596395
40010 1490596396
40014 1490596397
40011 1490596398
40015 1490596399
40009 1490596400
40013 1490596401
40016 1490596402
40010 1490596403
40015 1490596404
40017 1490596405
40010 1490596406
40013 1490596407
40015 1490596408
40015 1490596409
40016 1490596410
3360 1490596411
40016 1490596411
40017 1490596412
40016 1490596413
1220 1490596413
40015 1490596414
40016 1490596415
180 1490596415
40017 1490596416
40017 1490596417
40016 1490596418
40019 1490596419
40018 1490596420
40016 1490596421
700 1490596421
40016 1490596422
40016 1490596423
40011 1490596424
40010 1490596425
2200 1490596426
40021 1490596426
40013 1490596427
40018 1490596428
40022 1490596429
40015 1490596430
40014 1490596431
40011 1490596432
40017 1490596433
40014 1490596434
40015 1490596435
40013 1490596436
40020 1490596437
5780 1490596437
40019 1490596438
40010 1490596439
40021 1490596440
40013 1490596441
40009 1490596442
40013 1490596443
40016 1490596444
40011 1490596445
40014 1490596446
40021 1490596447
40010 1490596448
40015 1490596449
40017 1490596450
40010 1490596451
40013 1490596452
40005 1490596453
40012 1490596454
40016 1490596455
40012 1490596456
40021 1490596457
40015 1490596458
40017 1490596459
40011 1490596460
40014 1490596461
40013 1490596462
40025 1490596463
40015 1490596464
40012 1490596465
5000 1490596465
40013 1490596466
40020 1490596467
40010 1490596468
920 1490596468
40020 1490596469
40018 1490596470
40013 1490596471
40016 1490596472
40016 1490596473
40018 1490596474
40014 1490596475
40016 1490596476
40014 1490596477
40017 1490596478
40013 1490596479
40013 1490596480
40016 1490596481
40015 1490596482
40020 1490596483
40014 1490596484
40020 1490596485
40011 1490596486
40012 1490596487
40008 1490596488
40019 1490596489
40015 1490596490
40010 1490596491
40018 1490596492
40015 1490596493
40011 1490596494
40019 1490596495
40010 1490596496
40009 1490596497
40019 1490596498
40010 1490596499
40005 1490596500
40009 1490596501
40014 1490596502
40015 1490596503
40012 1490596504
40019 1490596505
40015 1490596506
40023 1490596507
40012 1490596508
40015 1490596509
40014 1490596510
40011 1490596511
40015 1490596512
40013 1490596513
40020 1490596514
40016 1490596515
7820 1490596515
40021 1490596516
40013 1490596517
40013 1490596518
40018 1490596519
580 1490596520
40014 1490596520
40014 1490596521
40014 1490596522
40022 1490596523
6080 1490596524
40015 1490596524
40019 1490596525
40006 1490596526
40019 1490596527
40017 1490596528
120 1490596529
40011 1490596529
40014 1490596530
40018 1490596531
40016 1490596532
40011 1490596533
40011 1490596534
40016 1490596535
40010 1490596536
40022 1490596537
40011 1490596538
40014 1490596539
3260 1490596539
40024 1490596540
40015 1490596541
40014 1490596542
40012 1490596543
40014 1490596544
40016 1490596545
5720 1490596545
40014 1490596546
40020 1490596547
40016 1490596548
40014 1490596549
3540 1490596549
40017 1490596550
40019 1490596551
40011 1490596552
40018 1490596553
40020 1490596554
40021 1490596555
40014 1490596556
300 1490596556
40011 1490596557
40013 1490596558
40012 1490596559
40014 1490596560
40012 1490596561
40018 1490596562
40020 1490596563
40015 1490596564
40013 1490596565
40013 1490596566
40015 1490596567
40016 1490596568
40018 1490596569
40014 1490596570
40022 1490596571
40011 1490596572
40011 1490596573
40024 1490596574
40012 1490596575
40011 1490596576
40014 1490596577
40021 1490596578
40011 1490596579
40013 1490596580
40017 1490596581
40008 1490596582
640 1490596582
40017 1490596583
40011 1490596584
40013 1490596585
40013 1490596586
40009 1490596587
40015 1490596588
40010 1490596589
40020 1490596590
40021 1490596591
40015 1490596592
2340 1490596592
40018 1490596593
40010 1490596594
40013 1490596595
40015 1490596596
40012 1490596597
2940 1490596598
40017 1490596598
40012 1490596599
40016 1490596600
40009 1490596601
40010 1490596602
740 1490596603
40016 1490596603
2400 1490596603
40018 1490596604
40013 1490596605
40021 1490596606
40017 1490596607
40011 1490596608
40014 1490596609
40015 1490596610
40015 1490596611
40011 1490596612
40017 1490596613
1880 1490596613
40013 1490596614
40016 1490596615
40013 1490596616
40005 1490596617
40014 1490596618
40009 1490596619
40015 1490596620
40009 1490596621
40012 1490596622
40012 1490596623
2340 1490596623
40009 1490596624
40018 1490596625
40014 1490596626
40011 1490596627
40012 1490596628
40011 1490596629
40009 1490596630
40020 1490596631
40012 1490596632
40009 1490596633
40017 1490596634
40020 1490596635
40011 1490596636
40012 1490596637
40021 1490596638
40020 1490596639
40008 1490596640
40010 1490596641
40013 1490596642
40010 1490596643
40016 1490596644
40014 1490596645
40012 1490596646
40020 1490596647
40016 1490596648
40015 1490596649
40016 1490596650
40012 1490596651
40013 1490596652
40017 1490596653
40026 1490596654
40008 1490596655
40018 1490596656
40019 1490596657
40012 1490596658
40016 1490596659
40014 1490596660
40020 1490596661
40014 1490596662
40012 1490596663
40017 1490596664
640 1490596664
40015 1490596665
40009 1490596666
40015 1490596667
40010 1490596668
40021 1490596669
40012 1490596670
40017 1490596671
40017 1490596672
40015 1490596673
40012 1490596674
40017 1490596675
40019 1490596676
40016 1490596677
40017 1490596678
40017 1490596679
40010 1490596680
2380 1490596680
40023 1490596681
40011 1490596682
40016 1490596683
40022 1490596684
40015 1490596685
40015 1490596686
40015 1490596687
40016 1490596688
40017 1490596689
40016 1490596690
40010 1490596691
40023 1490596692
40012 1490596693
2060 1490596694
40018 1490596694
40013 1490596695
40023 1490596696
40013 1490596697
40010 1490596698
40017 1490596699
40013 1490596700
40019 1490596701
40015 1490596702
40010 1490596703
40014 1490596704
40012 1490596705
40019 1490596706
40016 1490596707
40009 1490596708
40012 1490596709
40024 1490596710
40015 1490596711
40015 1490596712
40021 1490596713
40013 1490596714
40014 1490596715
40015 1490596716
40021 1490596717
40018 1490596718
40016 1490596719
40013 1490596720
3300 1490596720
40015 1490596721
40016 1490596722
40016 1490596723
1120 1490596724
40013 1490596724
40019 1490596725
40020 1490596726
40013 1490596727
40016 1490596728
40011 1490596729
40024 1490596730
40010 1490596731
40017 1490596732
40017 1490596733
40016 1490596734
40012 1490596735
40019 1490596736
40012 1490596737
40017 1490596738
40015 1490596739
40015 1490596740
40015 1490596741
40015 1490596742
180 1490596743
40017 1490596743
40019 1490596744
40018 1490596745
40011 1490596746
40012 1490596747
40014 1490596748
40017 1490596749
40013 1490596750
40011 1490596751
40014 1490596752
40016 1490596753
40012 1490596754
40014 1490596755
40011 1490596756
40013 1490596757
460 1490596757
40013 1490596758
40015 1490596759
40011 1490596760
40018 1490596761
40017 1490596762
40021 1490596763
40010 1490596764
40017 1490596765
40011 1490596766
40013 1490596767
40016 1490596768
40017 1490596769
40020 1490596770
40012 1490596771
40020 1490596772
120 1490596772
40011 1490596773
40015 1490596774
40005 1490596775
19080 1490596776
40017 1490596776
40011 1490596777
3960 1490596777
40021 1490596778
40021 1490596779
40013 1490596780
3640 1490596780
40015 1490596781
40017 1490596782
40016 1490596783
40013 1490596784
40011 1490596785
40011 1490596786
40012 1490596787
40017 1490596788
40015 1490596789
40020 1490596790
40018 1490596791
40016 1490596792
40016 1490596793
40010 1490596794
40015 1490596795
40018 1490596796
40014 1490596797
40018 1490596798
40015 1490596799
40009 1490596800
40016 1490596801
40011 1490596802
40013 1490596803
40018 1490596804
40015 1490596805
40015 1490596806
40010 1490596807
40015 1490596808
40013 1490596809
40016 1490596810
40016 1490596811
40017 1490596812
40024 1490596813
40011 1490596814
40017 1490596815
1780 1490596815
40024 1490596816
40013 1490596817
40024 1490596818
40021 1490596819
40015 1490596820
40013 1490596821
40019 1490596822
40015 1490596823
40009 1490596824
40016 1490596825
40014 1490596826
40017 1490596827
40014 1490596828
40013 1490596829
40018 1490596830
40019 1490596831
40013 1490596832
40012 1490596833
40012 1490596834
40016 1490596835
40008 1490596836
40021 1490596837
40011 1490596838
40011 1490596839
40012 1490596840
40018 1490596841
40015 1490596842
40015 1490596843
40019 1490596844
40021 1490596845
40012 1490596846
40012 1490596847
40011 1490596848
680 1490596849
40012 1490596849
40016 1490596850
40007 1490596851
40016 1490596852
3500 1490596852
40011 1490596853
40016 1490596854
40012 1490596855
40016 1490596856
40020 1490596857
40010 1490596858
40013 1490596859
40011 1490596860
40019 1490596861
1460 1490596862
40012 1490596862
40012 1490596863
240 1490596863
40012 1490596864
40015 1490596865
40011 1490596866
40015 1490596867
40014 1490596868
40014 1490596869
40014 1490596870
40021 1490596871
40017 1490596872
40013 1490596873
40021 1490596874
40013 1490596875
40015 1490596876
40024 1490596877
40014 1490596878
980 1490596878
40013 1490596879
40014 1490596880
40014 1490596881
40015 1490596882
40016 1490596883
400 1490596883
40019 1490596884
40013 1490596885
40016 1490596886
40019 1490596887
40016 1490596888
40022 1490596889
40018 1490596890
40015 1490596891
40015 1490596892
40021 1490596893
40018 1490596894
40004 1490596895
40013 1490596896
40021 1490596897
40020 1490596898
40018 1490596899
40012 1490596900
40017 1490596901
40013 1490596902
40016 1490596903
40013 1490596904
40009 1490596905
40012 1490596906
40016 1490596907
40017 1490596908
40012 1490596909
40009 1490596910
40007 1490596911
40014 1490596912
40013 1490596913
40015 1490596914
40015 1490596915
40013 1490596916
40021 1490596917
40011 1490596918
40016 1490596919
40017 1490596920
40009 1490596921
40022 1490596922
40005 1490596923
40020 1490596924
17780 1490596925
40017 1490596925
40025 1490596926
40017 1490596927
40015 1490596928
40013 1490596929
8940 1490596929
40015 1490596930
40018 1490596931
40013 1490596932
40010 1490596933
40012 1490596934
40007 1490596935
40014 1490596936
40011 1490596937
40016 1490596938
40020 1490596939
40009 1490596940
40017 1490596941
40014 1490596942
40015 1490596943
40015 1490596944
40020 1490596945
40014 1490596946
40016 1490596947
40023 1490596948
15400 1490596948
40014 1490596949
40020 1490596950
40020 1490596951
40019 1490596952
40019 1490596953
40019 1490596954
40014 1490596955
40009 1490596956
40012 1490596957
420 1490596958
40012 1490596958
40016 1490596959
40019 1490596960
40011 1490596961
40030 1490596962
40023 1490596963
40019 1490596964
40011 1490596965
8060 1490596966
40015 1490596966
40010 1490596967
40013 1490596968
40016 1490596969
40023 1490596970
40017 1490596971
40012 1490596972
40016 1490596973
40012 1490596974
40017 1490596975
40015 1490596976
40011 1490596977
40013 1490596978
40021 1490596979
40017 1490596980
40018 1490596981
40015 1490596982
40015 1490596983
40020 1490596984
40013 1490596985
40013 1490596986
40019 1490596987
2820 1490596987
1500 1490596988
40022 1490596988
40012 1490596989
40015 1490596990
40019 1490596991
40016 1490596992
40014 1490596993
40015 1490596994
40024 1490596995
40011 1490596996
40015 1490596997
180 1490596997
40010 1490596998
40017 1490596999
40010 1490597000
40018 1490597001
40010 1490597002
40021 1490597003
40016 1490597004
40012 1490597005
40023 1490597006
40020 1490597007
40023 1490597008
40015 1490597009
40012 1490597010
40019 1490597011
40012 1490597012
40014 1490597013
40019 1490597014
40009 1490597015
40019 1490597016
40017 1490597017
40018 1490597018
40013 1490597019
40007 1490597020
40009 1490597021
40016 1490597022
40014 1490597023
40016 1490597024
40017 1490597025
40017 1490597026
40016 1490597027
40016 1490597028
40016 1490597029
3220 1490597030
40019 1490597030
40014 1490597031
40015 1490597032
120 1490597033
1600 1490597033
40013 1490597033
40013 1490597034
40011 1490597035
1580 1490597035
40011 1490597036
40016 1490597037
40020 1490597038
40017 1490597039
40013 1490597040
40016 1490597041
40014 1490597042
40014 1490597043
40015 1490597044
40014 1490597045
40013 1490597046
40017 1490597047
1240 1490597048
40010 1490597048
40012 1490597049
40016 1490597050
40009 1490597051
40009 1490597052
40017 1490597053
40012 1490597054
40016 1490597055
40015 1490597056
40008 1490597057
