Bruker Nano GmbH Berlin, Germany
Esprit 1.9

Date: 9/14/2017 8:09:57 PM
Real time: 46844
Life time: 41892
Pulse density: 5977

Primary energy: 30
Take off angle: 35
Tilt angle: 0
Azimut angle: 45

Detector type: XFlash 6|30
Window type: slew AP3.3
Detector thickness: 0.45
Si dead layer:0.029

Calibration, lin.: 5
Calibration, abs.: -476.9
Mn FWHM: 126.709
Fano factor: 0.11
Channels: 4096

Energy Counts
-0.4769    0
-0.4719    0
-0.4669    0
-0.4619    0
-0.4569    0
-0.4519    0
-0.4469    0
-0.4419    0
-0.4369    0
-0.4319    0
-0.4269    0
-0.4219    0
-0.4169    0
-0.4119    0
-0.4069    0
-0.4019    0
-0.3969    0
-0.3919    0
-0.3869    0
-0.3819    0
-0.3769    0
-0.3719    0
-0.3669    0
-0.3619    0
-0.3569    0
-0.3519    0
-0.3469    0
-0.3419    0
-0.3369    0
-0.3319    0
-0.3269    0
-0.3219    0
-0.3169    0
-0.3119    0
-0.3069    0
-0.3019    0
-0.2969    0
-0.2919    0
-0.2869    0
-0.2819    0
-0.2769    0
-0.2719    0
-0.2669    0
-0.2619    0
-0.2569    0
-0.2519    0
-0.2469    0
-0.2419    0
-0.2369    0
-0.2319    0
-0.2269    0
-0.2219    0
-0.2169    0
-0.2119    0
-0.2069    0
-0.2019    0
-0.1969    0
-0.1919    0
-0.1869    0
-0.1819    0
-0.1769    0
-0.1719    0
-0.1669    0
-0.1619    0
-0.1569    0
-0.1519    0
-0.1469    0
-0.1419    0
-0.1369    0
-0.1319    0
-0.1269    0
-0.1219    0
-0.1169    0
-0.1119    0
-0.1069    0
-0.1019    0
-0.0969    1
-0.0919    2
-0.0869    1
-0.0819    5
-0.0769    3
-0.0719    4
-0.0669   15
-0.0619   35
-0.0569   58
-0.0519  122
-0.0469  264
-0.0419  433
-0.0369  766
-0.0319 1213
-0.0269 1788
-0.0219 2414
-0.0169 3317
-0.0119 3775
-0.0069 4317
-0.0019 4500
 0.0031 4425
 0.0081 4029
 0.0131 3508
 0.0181 2897
 0.0231 2077
 0.0281 1470
 0.0331 1062
 0.0381  682
 0.0431  384
 0.0481  262
 0.0531  168
 0.0581   97
 0.0631   49
 0.0681   32
 0.0731   31
 0.0781   24
 0.0831   13
 0.0881    6
 0.0931    2
 0.0981    2
 0.1031    0
 0.1081    0
 0.1131    3
 0.1181   48
 0.1231  111
 0.1281   76
 0.1331   50
 0.1381   32
 0.1431   21
 0.1481   11
 0.1531    6
 0.1581   11
 0.1631   11
 0.1681    4
 0.1731    2
 0.1781    3
 0.1831    7
 0.1881   13
 0.1931    8
 0.1981   12
 0.2031   17
 0.2081   14
 0.2131    7
 0.2181    7
 0.2231   10
 0.2281   15
 0.2331   19
 0.2381   34
 0.2431   34
 0.2481   51
 0.2531   48
 0.2581   68
 0.2631   69
 0.2681   79
 0.2731   81
 0.2781   79
 0.2831   80
 0.2881   72
 0.2931   63
 0.2981   60
 0.3031   47
 0.3081   26
 0.3131   35
 0.3181   25
 0.3231   23
 0.3281   16
 0.3331   12
 0.3381   10
 0.3431    7
 0.3481   14
 0.3531   21
 0.3581    9
 0.3631    9
 0.3681   11
 0.3731   13
 0.3781   12
 0.3831    8
 0.3881    9
 0.3931   12
 0.3981   11
 0.4031   11
 0.4081   13
 0.4131   11
 0.4181   13
 0.4231   14
 0.4281   13
 0.4331   12
 0.4381   10
 0.4431   19
 0.4481   16
 0.4531    9
 0.4581   12
 0.4631   18
 0.4681   19
 0.4731   16
 0.4781   15
 0.4831   24
 0.4881   21
 0.4931   31
 0.4981   26
 0.5031   32
 0.5081   24
 0.5131   35
 0.5181   41
 0.5231   33
 0.5281   33
 0.5331   35
 0.5381   35
 0.5431   38
 0.5481   27
 0.5531   32
 0.5581   22
 0.5631   24
 0.5681   27
 0.5731   23
 0.5781   24
 0.5831   29
 0.5881   19
 0.5931   29
 0.5981   22
 0.6031   26
 0.6081   23
 0.6131   25
 0.6181   43
 0.6231   23
 0.6281   35
 0.6331   28
 0.6381   35
 0.6431   33
 0.6481   43
 0.6531   33
 0.6581   37
 0.6631   36
 0.6681   37
 0.6731   46
 0.6781   44
 0.6831   36
 0.6881   43
 0.6931   51
 0.6981   52
 0.7031   57
 0.7081   47
 0.7131   51
 0.7181   59
 0.7231   65
 0.7281   46
 0.7331   75
 0.7381   73
 0.7431   80
 0.7481   82
 0.7531  104
 0.7581  102
 0.7631  130
 0.7681  170
 0.7731  188
 0.7781  214
 0.7831  260
 0.7881  292
 0.7931  306
 0.7981  331
 0.8031  381
 0.8081  373
 0.8131  394
 0.8181  401
 0.8231  404
 0.8281  366
 0.8331  396
 0.8381  349
 0.8431  330
 0.8481  332
 0.8531  349
 0.8581  360
 0.8631  426
 0.8681  505
 0.8731  596
 0.8781  783
 0.8831 1029
 0.8881 1321
 0.8931 1619
 0.8981 1968
 0.9031 2454
 0.9081 2767
 0.9131 3096
 0.9181 3423
 0.9231 3635
 0.9281 3784
 0.9331 3863
 0.9381 3612
 0.9431 3350
 0.9481 3193
 0.9531 2763
 0.9581 2305
 0.9631 2072
 0.9681 1619
 0.9731 1265
 0.9781  997
 0.9831  771
 0.9881  582
 0.9931  437
 0.9981  334
 1.0031  236
 1.0081  153
 1.0131  118
 1.0181   95
 1.0231   73
 1.0281   54
 1.0331   55
 1.0381   29
 1.0431   36
 1.0481   22
 1.0531   33
 1.0581   20
 1.0631   20
 1.0681   23
 1.0731   23
 1.0781   20
 1.0831   17
 1.0881   18
 1.0931   24
 1.0981   14
 1.1031   12
 1.1081   15
 1.1131   13
 1.1181   16
 1.1231   18
 1.1281   12
 1.1331   18
 1.1381   17
 1.1431   20
 1.1481   18
 1.1531   18
 1.1581   20
 1.1631   20
 1.1681   16
 1.1731   15
 1.1781   14
 1.1831   19
 1.1881   21
 1.1931   19
 1.1981   17
 1.2031   15
 1.2081   13
 1.2131   14
 1.2181   17
 1.2231   13
 1.2281   20
 1.2331   21
 1.2381   17
 1.2431   29
 1.2481   22
 1.2531   19
 1.2581   17
 1.2631   17
 1.2681   20
 1.2731   16
 1.2781   23
 1.2831   20
 1.2881   21
 1.2931   28
 1.2981   24
 1.3031   23
 1.3081   19
 1.3131   19
 1.3181   21
 1.3231   26
 1.3281   21
 1.3331   27
 1.3381   21
 1.3431   21
 1.3481   15
 1.3531   20
 1.3581   18
 1.3631   22
 1.3681   27
 1.3731   19
 1.3781   21
 1.3831   15
 1.3881   19
 1.3931   23
 1.3981   18
 1.4031   18
 1.4081   28
 1.4131   21
 1.4181   24
 1.4231   25
 1.4281   19
 1.4331   28
 1.4381   25
 1.4431   25
 1.4481   26
 1.4531   33
 1.4581   23
 1.4631   24
 1.4681   40
 1.4731   40
 1.4781   39
 1.4831   33
 1.4881   35
 1.4931   36
 1.4981   38
 1.5031   40
 1.5081   32
 1.5131   34
 1.5181   31
 1.5231   27
 1.5281   30
 1.5331   29
 1.5381   37
 1.5431   28
 1.5481   24
 1.5531   25
 1.5581   26
 1.5631   33
 1.5681   32
 1.5731   26
 1.5781   25
 1.5831   29
 1.5881   22
 1.5931   23
 1.5981   29
 1.6031   38
 1.6081   35
 1.6131   40
 1.6181   27
 1.6231   32
 1.6281   34
 1.6331   31
 1.6381   31
 1.6431   31
 1.6481   29
 1.6531   31
 1.6581   31
 1.6631   31
 1.6681   33
 1.6731   38
 1.6781   27
 1.6831   26
 1.6881   39
 1.6931   41
 1.6981   33
 1.7031   28
 1.7081   30
 1.7131   38
 1.7181   37
 1.7231   34
 1.7281   36
 1.7331   50
 1.7381   53
 1.7431   47
 1.7481   48
 1.7531   45
 1.7581   40
 1.7631   40
 1.7681   38
 1.7731   42
 1.7781   41
 1.7831   40
 1.7881   44
 1.7931   45
 1.7981   43
 1.8031   42
 1.8081   45
 1.8131   48
 1.8181   42
 1.8231   37
 1.8281   30
 1.8331   30
 1.8381   30
 1.8431   37
 1.8481   37
 1.8531   40
 1.8581   38
 1.8631   39
 1.8681   42
 1.8731   40
 1.8781   39
 1.8831   41
 1.8881   43
 1.8931   34
 1.8981   39
 1.9031   54
 1.9081   43
 1.9131   40
 1.9181   32
 1.9231   28
 1.9281   34
 1.9331   27
 1.9381   32
 1.9431   41
 1.9481   42
 1.9531   40
 1.9581   41
 1.9631   41
 1.9681   41
 1.9731   37
 1.9781   30
 1.9831   37
 1.9881   46
 1.9931   42
 1.9981   38
 2.0031   32
 2.0081   31
 2.0131   33
 2.0181   33
 2.0231   37
 2.0281   41
 2.0331   43
 2.0381   45
 2.0431   39
 2.0481   36
 2.0531   41
 2.0581   39
 2.0631   36
 2.0681   38
 2.0731   38
 2.0781   37
 2.0831   35
 2.0881   40
 2.0931   44
 2.0981   41
 2.1031   46
 2.1081   48
 2.1131   42
 2.1181   40
 2.1231   44
 2.1281   47
 2.1331   38
 2.1381   34
 2.1431   39
 2.1481   48
 2.1531   47
 2.1581   40
 2.1631   45
 2.1681   39
 2.1731   37
 2.1781   45
 2.1831   47
 2.1881   46
 2.1931   46
 2.1981   44
 2.2031   45
 2.2081   47
 2.2131   45
 2.2181   47
 2.2231   42
 2.2281   45
 2.2331   44
 2.2381   43
 2.2431   43
 2.2481   44
 2.2531   43
 2.2581   44
 2.2631   41
 2.2681   40
 2.2731   41
 2.2781   50
 2.2831   59
 2.2881   57
 2.2931   53
 2.2981   46
 2.3031   45
 2.3081   50
 2.3131   50
 2.3181   46
 2.3231   50
 2.3281   43
 2.3331   40
 2.3381   37
 2.3431   42
 2.3481   53
 2.3531   57
 2.3581   48
 2.3631   52
 2.3681   50
 2.3731   42
 2.3781   40
 2.3831   53
 2.3881   60
 2.3931   51
 2.3981   56
 2.4031   47
 2.4081   51
 2.4131   52
 2.4181   47
 2.4231   43
 2.4281   54
 2.4331   46
 2.4381   45
 2.4431   46
 2.4481   44
 2.4531   37
 2.4581   41
 2.4631   48
 2.4681   47
 2.4731   49
 2.4781   54
 2.4831   56
 2.4881   43
 2.4931   52
 2.4981   52
 2.5031   54
 2.5081   44
 2.5131   44
 2.5181   47
 2.5231   38
 2.5281   47
 2.5331   45
 2.5381   47
 2.5431   39
 2.5481   55
 2.5531   46
 2.5581   51
 2.5631   53
 2.5681   42
 2.5731   55
 2.5781   56
 2.5831   55
 2.5881   61
 2.5931   60
 2.5981   58
 2.6031   55
 2.6081   53
 2.6131   46
 2.6181   62
 2.6231   67
 2.6281   53
 2.6331   52
 2.6381   52
 2.6431   64
 2.6481   59
 2.6531   53
 2.6581   40
 2.6631   49
 2.6681   53
 2.6731   48
 2.6781   41
 2.6831   54
 2.6881   43
 2.6931   49
 2.6981   50
 2.7031   57
 2.7081   48
 2.7131   45
 2.7181   45
 2.7231   63
 2.7281   53
 2.7331   57
 2.7381   50
 2.7431   49
 2.7481   48
 2.7531   48
 2.7581   62
 2.7631   58
 2.7681   46
 2.7731   54
 2.7781   55
 2.7831   44
 2.7881   45
 2.7931   51
 2.7981   50
 2.8031   53
 2.8081   56
 2.8131   56
 2.8181   60
 2.8231   59
 2.8281   50
 2.8331   53
 2.8381   59
 2.8431   61
 2.8481   59
 2.8531   59
 2.8581   56
 2.8631   51
 2.8681   54
 2.8731   42
 2.8781   42
 2.8831   66
 2.8881   64
 2.8931   46
 2.8981   61
 2.9031   53
 2.9081   64
 2.9131   54
 2.9181   70
 2.9231   61
 2.9281   51
 2.9331   52
 2.9381   59
 2.9431   55
 2.9481   74
 2.9531   68
 2.9581   55
 2.9631   53
 2.9681   49
 2.9731   55
 2.9781   40
 2.9831   45
 2.9881   48
 2.9931   52
 2.9981   65
 3.0031   56
 3.0081   67
 3.0131   58
 3.0181   46
 3.0231   59
 3.0281   54
 3.0331   57
 3.0381   59
 3.0431   65
 3.0481   51
 3.0531   54
 3.0581   58
 3.0631   37
 3.0681   53
 3.0731   56
 3.0781   54
 3.0831   45
 3.0881   56
 3.0931   48
 3.0981   55
 3.1031   55
 3.1081   51
 3.1131   56
 3.1181   52
 3.1231   58
 3.1281   48
 3.1331   57
 3.1381   57
 3.1431   57
 3.1481   53
 3.1531   56
 3.1581   50
 3.1631   53
 3.1681   62
 3.1731   53
 3.1781   72
 3.1831   67
 3.1881   58
 3.1931   51
 3.1981   57
 3.2031   52
 3.2081   70
 3.2131   57
 3.2181   44
 3.2231   56
 3.2281   63
 3.2331   60
 3.2381   59
 3.2431   51
 3.2481   41
 3.2531   60
 3.2581   59
 3.2631   58
 3.2681   52
 3.2731   50
 3.2781   63
 3.2831   54
 3.2881   60
 3.2931   57
 3.2981   59
 3.3031   58
 3.3081   55
 3.3131   52
 3.3181   52
 3.3231   55
 3.3281   55
 3.3331   72
 3.3381   54
 3.3431   60
 3.3481   51
 3.3531   59
 3.3581   54
 3.3631   50
 3.3681   50
 3.3731   64
 3.3781   55
 3.3831   53
 3.3881   48
 3.3931   58
 3.3981   58
 3.4031   45
 3.4081   59
 3.4131   50
 3.4181   56
 3.4231   51
 3.4281   62
 3.4331   56
 3.4381   56
 3.4431   56
 3.4481   57
 3.4531   63
 3.4581   55
 3.4631   52
 3.4681   54
 3.4731   48
 3.4781   64
 3.4831   63
 3.4881   60
 3.4931   61
 3.4981   50
 3.5031   58
 3.5081   58
 3.5131   50
 3.5181   43
 3.5231   44
 3.5281   56
 3.5331   62
 3.5381   45
 3.5431   57
 3.5481   49
 3.5531   63
 3.5581   59
 3.5631   53
 3.5681   51
 3.5731   67
 3.5781   50
 3.5831   62
 3.5881   61
 3.5931   60
 3.5981   54
 3.6031   65
 3.6081   57
 3.6131   56
 3.6181   49
 3.6231   43
 3.6281   62
 3.6331   51
 3.6381   49
 3.6431   59
 3.6481   52
 3.6531   58
 3.6581   60
 3.6631   48
 3.6681   52
 3.6731   57
 3.6781   49
 3.6831   64
 3.6881   54
 3.6931   56
 3.6981   45
 3.7031   77
 3.7081   40
 3.7131   57
 3.7181   63
 3.7231   42
 3.7281   45
 3.7331   46
 3.7381   52
 3.7431   56
 3.7481   69
 3.7531   55
 3.7581   57
 3.7631   51
 3.7681   50
 3.7731   47
 3.7781   42
 3.7831   63
 3.7881   61
 3.7931   62
 3.7981   54
 3.8031   53
 3.8081   46
 3.8131   55
 3.8181   56
 3.8231   68
 3.8281   62
 3.8331   46
 3.8381   63
 3.8431   65
 3.8481   56
 3.8531   59
 3.8581   55
 3.8631   52
 3.8681   43
 3.8731   77
 3.8781   58
 3.8831   63
 3.8881   53
 3.8931   53
 3.8981   66
 3.9031   56
 3.9081   54
 3.9131   54
 3.9181   61
 3.9231   55
 3.9281   50
 3.9331   60
 3.9381   53
 3.9431   48
 3.9481   58
 3.9531   58
 3.9581   45
 3.9631   49
 3.9681   54
 3.9731   42
 3.9781   55
 3.9831   55
 3.9881   47
 3.9931   51
 3.9981   46
 4.0031   48
 4.0081   40
 4.0131   47
 4.0181   47
 4.0231   41
 4.0281   62
 4.0331   49
 4.0381   39
 4.0431   40
 4.0481   64
 4.0531   51
 4.0581   48
 4.0631   49
 4.0681   55
 4.0731   55
 4.0781   55
 4.0831   47
 4.0881   47
 4.0931   38
 4.0981   43
 4.1031   52
 4.1081   50
 4.1131   60
 4.1181   56
 4.1231   50
 4.1281   57
 4.1331   50
 4.1381   58
 4.1431   58
 4.1481   49
 4.1531   51
 4.1581   52
 4.1631   47
 4.1681   45
 4.1731   51
 4.1781   60
 4.1831   57
 4.1881   49
 4.1931   59
 4.1981   51
 4.2031   55
 4.2081   55
 4.2131   57
 4.2181   58
 4.2231   49
 4.2281   46
 4.2331   54
 4.2381   52
 4.2431   46
 4.2481   49
 4.2531   49
 4.2581   53
 4.2631   62
 4.2681   54
 4.2731   54
 4.2781   48
 4.2831   47
 4.2881   45
 4.2931   49
 4.2981   57
 4.3031   55
 4.3081   48
 4.3131   48
 4.3181   47
 4.3231   54
 4.3281   61
 4.3331   49
 4.3381   57
 4.3431   44
 4.3481   59
 4.3531   61
 4.3581   48
 4.3631   53
 4.3681   52
 4.3731   49
 4.3781   49
 4.3831   43
 4.3881   46
 4.3931   50
 4.3981   57
 4.4031   71
 4.4081   61
 4.4131   59
 4.4181   44
 4.4231   50
 4.4281   54
 4.4331   54
 4.4381   57
 4.4431   58
 4.4481   51
 4.4531   53
 4.4581   42
 4.4631   43
 4.4681   53
 4.4731   45
 4.4781   46
 4.4831   56
 4.4881   55
 4.4931   53
 4.4981   52
 4.5031   43
 4.5081   38
 4.5131   44
 4.5181   53
 4.5231   57
 4.5281   52
 4.5331   43
 4.5381   46
 4.5431   49
 4.5481   52
 4.5531   52
 4.5581   42
 4.5631   47
 4.5681   49
 4.5731   48
 4.5781   51
 4.5831   51
 4.5881   54
 4.5931   45
 4.5981   56
 4.6031   58
 4.6081   51
 4.6131   45
 4.6181   42
 4.6231   47
 4.6281   50
 4.6331   40
 4.6381   44
 4.6431   60
 4.6481   56
 4.6531   52
 4.6581   53
 4.6631   48
 4.6681   47
 4.6731   47
 4.6781   43
 4.6831   47
 4.6881   51
 4.6931   43
 4.6981   47
 4.7031   47
 4.7081   51
 4.7131   49
 4.7181   47
 4.7231   57
 4.7281   60
 4.7331   54
 4.7381   48
 4.7431   53
 4.7481   48
 4.7531   50
 4.7581   49
 4.7631   45
 4.7681   52
 4.7731   46
 4.7781   46
 4.7831   52
 4.7881   50
 4.7931   45
 4.7981   43
 4.8031   47
 4.8081   51
 4.8131   55
 4.8181   53
 4.8231   43
 4.8281   44
 4.8331   51
 4.8381   48
 4.8431   50
 4.8481   49
 4.8531   44
 4.8581   46
 4.8631   50
 4.8681   50
 4.8731   46
 4.8781   47
 4.8831   47
 4.8881   44
 4.8931   51
 4.8981   48
 4.9031   37
 4.9081   43
 4.9131   45
 4.9181   47
 4.9231   55
 4.9281   50
 4.9331   38
 4.9381   39
 4.9431   41
 4.9481   43
 4.9531   46
 4.9581   48
 4.9631   48
 4.9681   46
 4.9731   43
 4.9781   41
 4.9831   48
 4.9881   49
 4.9931   51
 4.9981   46
 5.0031   41
 5.0081   50
 5.0131   48
 5.0181   44
 5.0231   54
 5.0281   48
 5.0331   52
 5.0381   53
 5.0431   49
 5.0481   47
 5.0531   47
 5.0581   47
 5.0631   48
 5.0681   49
 5.0731   48
 5.0781   50
 5.0831   44
 5.0881   42
 5.0931   48
 5.0981   49
 5.1031   40
 5.1081   44
 5.1131   45
 5.1181   47
 5.1231   45
 5.1281   47
 5.1331   49
 5.1381   52
 5.1431   51
 5.1481   49
 5.1531   48
 5.1581   48
 5.1631   39
 5.1681   41
 5.1731   40
 5.1781   37
 5.1831   46
 5.1881   43
 5.1931   40
 5.1981   45
 5.2031   43
 5.2081   45
 5.2131   48
 5.2181   44
 5.2231   49
 5.2281   39
 5.2331   35
 5.2381   41
 5.2431   43
 5.2481   42
 5.2531   42
 5.2581   41
 5.2631   43
 5.2681   49
 5.2731   50
 5.2781   51
 5.2831   53
 5.2881   45
 5.2931   32
 5.2981   40
 5.3031   42
 5.3081   42
 5.3131   40
 5.3181   41
 5.3231   38
 5.3281   40
 5.3331   39
 5.3381   40
 5.3431   49
 5.3481   32
 5.3531   40
 5.3581   41
 5.3631   46
 5.3681   44
 5.3731   43
 5.3781   39
 5.3831   40
 5.3881   42
 5.3931   46
 5.3981   50
 5.4031   41
 5.4081   45
 5.4131   42
 5.4181   40
 5.4231   41
 5.4281   48
 5.4331   51
 5.4381   48
 5.4431   47
 5.4481   57
 5.4531   47
 5.4581   58
 5.4631   50
 5.4681   38
 5.4731   41
 5.4781   29
 5.4831   41
 5.4881   46
 5.4931   40
 5.4981   41
 5.5031   39
 5.5081   45
 5.5131   39
 5.5181   37
 5.5231   33
 5.5281   35
 5.5331   41
 5.5381   41
 5.5431   56
 5.5481   40
 5.5531   43
 5.5581   43
 5.5631   45
 5.5681   42
 5.5731   50
 5.5781   41
 5.5831   39
 5.5881   41
 5.5931   50
 5.5981   50
 5.6031   43
 5.6081   50
 5.6131   38
 5.6181   45
 5.6231   45
 5.6281   51
 5.6331   46
 5.6381   39
 5.6431   42
 5.6481   39
 5.6531   44
 5.6581   52
 5.6631   41
 5.6681   41
 5.6731   42
 5.6781   28
 5.6831   31
 5.6881   41
 5.6931   44
 5.6981   39
 5.7031   35
 5.7081   36
 5.7131   31
 5.7181   35
 5.7231   44
 5.7281   48
 5.7331   41
 5.7381   39
 5.7431   36
 5.7481   42
 5.7531   50
 5.7581   40
 5.7631   47
 5.7681   45
 5.7731   45
 5.7781   43
 5.7831   50
 5.7881   48
 5.7931   36
 5.7981   34
 5.8031   50
 5.8081   36
 5.8131   36
 5.8181   37
 5.8231   37
 5.8281   49
 5.8331   43
 5.8381   51
 5.8431   25
 5.8481   29
 5.8531   26
 5.8581   43
 5.8631   40
 5.8681   43
 5.8731   49
 5.8781   37
 5.8831   40
 5.8881   50
 5.8931   41
 5.8981   30
 5.9031   50
 5.9081   42
 5.9131   38
 5.9181   31
 5.9231   34
 5.9281   36
 5.9331   38
 5.9381   36
 5.9431   48
 5.9481   36
 5.9531   27
 5.9581   29
 5.9631   56
 5.9681   42
 5.9731   48
 5.9781   49
 5.9831   52
 5.9881   38
 5.9931   47
 5.9981   42
 6.0031   38
 6.0081   40
 6.0131   34
 6.0181   45
 6.0231   51
 6.0281   32
 6.0331   42
 6.0381   51
 6.0431   41
 6.0481   37
 6.0531   31
 6.0581   40
 6.0631   45
 6.0681   35
 6.0731   34
 6.0781   37
 6.0831   39
 6.0881   33
 6.0931   53
 6.0981   31
 6.1031   34
 6.1081   46
 6.1131   43
 6.1181   32
 6.1231   33
 6.1281   40
 6.1331   45
 6.1381   41
 6.1431   37
 6.1481   34
 6.1531   44
 6.1581   24
 6.1631   31
 6.1681   48
 6.1731   33
 6.1781   39
 6.1831   36
 6.1881   42
 6.1931   42
 6.1981   40
 6.2031   42
 6.2081   45
 6.2131   38
 6.2181   39
 6.2231   37
 6.2281   37
 6.2331   35
 6.2381   41
 6.2431   44
 6.2481   40
 6.2531   25
 6.2581   40
 6.2631   23
 6.2681   48
 6.2731   32
 6.2781   36
 6.2831   43
 6.2881   32
 6.2931   39
 6.2981   45
 6.3031   38
 6.3081   50
 6.3131   47
 6.3181   43
 6.3231   53
 6.3281   36
 6.3331   40
 6.3381   45
 6.3431   40
 6.3481   40
 6.3531   43
 6.3581   46
 6.3631   51
 6.3681   33
 6.3731   31
 6.3781   42
 6.3831   50
 6.3881   40
 6.3931   40
 6.3981   38
 6.4031   42
 6.4081   43
 6.4131   41
 6.4181   48
 6.4231   43
 6.4281   46
 6.4331   38
 6.4381   48
 6.4431   49
 6.4481   42
 6.4531   36
 6.4581   45
 6.4631   44
 6.4681   29
 6.4731   35
 6.4781   49
 6.4831   40
 6.4881   34
 6.4931   31
 6.4981   33
 6.5031   32
 6.5081   40
 6.5131   40
 6.5181   42
 6.5231   33
 6.5281   31
 6.5331   37
 6.5381   33
 6.5431   40
 6.5481   33
 6.5531   33
 6.5581   39
 6.5631   32
 6.5681   37
 6.5731   37
 6.5781   38
 6.5831   28
 6.5881   41
 6.5931   29
 6.5981   39
 6.6031   30
 6.6081   32
 6.6131   34
 6.6181   39
 6.6231   36
 6.6281   50
 6.6331   27
 6.6381   30
 6.6431   37
 6.6481   47
 6.6531   45
 6.6581   47
 6.6631   28
 6.6681   30
 6.6731   28
 6.6781   39
 6.6831   30
 6.6881   38
 6.6931   34
 6.6981   32
 6.7031   25
 6.7081   35
 6.7131   33
 6.7181   35
 6.7231   35
 6.7281   29
 6.7331   45
 6.7381   40
 6.7431   28
 6.7481   35
 6.7531   43
 6.7581   39
 6.7631   33
 6.7681   24
 6.7731   40
 6.7781   38
 6.7831   40
 6.7881   41
 6.7931   31
 6.7981   34
 6.8031   31
 6.8081   34
 6.8131   27
 6.8181   27
 6.8231   33
 6.8281   41
 6.8331   42
 6.8381   52
 6.8431   37
 6.8481   41
 6.8531   31
 6.8581   41
 6.8631   28
 6.8681   34
 6.8731   27
 6.8781   35
 6.8831   35
 6.8881   35
 6.8931   32
 6.8981   36
 6.9031   29
 6.9081   37
 6.9131   38
 6.9181   38
 6.9231   46
 6.9281   41
 6.9331   39
 6.9381   35
 6.9431   32
 6.9481   41
 6.9531   45
 6.9581   28
 6.9631   43
 6.9681   31
 6.9731   32
 6.9781   31
 6.9831   34
 6.9881   24
 6.9931   39
 6.9981   33
 7.0031   36
 7.0081   33
 7.0131   49
 7.0181   37
 7.0231   33
 7.0281   38
 7.0331   33
 7.0381   33
 7.0431   38
 7.0481   40
 7.0531   27
 7.0581   30
 7.0631   34
 7.0681   28
 7.0731   28
 7.0781   44
 7.0831   30
 7.0881   29
 7.0931   32
 7.0981   33
 7.1031   36
 7.1081   34
 7.1131   41
 7.1181   34
 7.1231   27
 7.1281   29
 7.1331   23
 7.1381   35
 7.1431   34
 7.1481   29
 7.1531   33
 7.1581   33
 7.1631   39
 7.1681   43
 7.1731   31
 7.1781   31
 7.1831   35
 7.1881   44
 7.1931   28
 7.1981   40
 7.2031   30
 7.2081   32
 7.2131   36
 7.2181   35
 7.2231   27
 7.2281   31
 7.2331   34
 7.2381   25
 7.2431   28
 7.2481   29
 7.2531   32
 7.2581   27
 7.2631   29
 7.2681   38
 7.2731   31
 7.2781   39
 7.2831   31
 7.2881   23
 7.2931   38
 7.2981   30
 7.3031   24
 7.3081   37
 7.3131   30
 7.3181   29
 7.3231   27
 7.3281   25
 7.3331   34
 7.3381   22
 7.3431   42
 7.3481   24
 7.3531   37
 7.3581   38
 7.3631   36
 7.3681   37
 7.3731   34
 7.3781   36
 7.3831   29
 7.3881   32
 7.3931   31
 7.3981   36
 7.4031   33
 7.4081   28
 7.4131   22
 7.4181   41
 7.4231   27
 7.4281   27
 7.4331   26
 7.4381   27
 7.4431   44
 7.4481   39
 7.4531   22
 7.4581   34
 7.4631   34
 7.4681   40
 7.4731   38
 7.4781   28
 7.4831   35
 7.4881   35
 7.4931   38
 7.4981   39
 7.5031   33
 7.5081   53
 7.5131   37
 7.5181   32
 7.5231   29
 7.5281   30
 7.5331   34
 7.5381   32
 7.5431   40
 7.5481   29
 7.5531   31
 7.5581   39
 7.5631   27
 7.5681   29
 7.5731   31
 7.5781   37
 7.5831   32
 7.5881   37
 7.5931   43
 7.5981   33
 7.6031   31
 7.6081   18
 7.6131   28
 7.6181   27
 7.6231   38
 7.6281   28
 7.6331   28
 7.6381   24
 7.6431   39
 7.6481   41
 7.6531   32
 7.6581   34
 7.6631   34
 7.6681   29
 7.6731   29
 7.6781   28
 7.6831   41
 7.6881   34
 7.6931   40
 7.6981   39
 7.7031   37
 7.7081   39
 7.7131   38
 7.7181   28
 7.7231   31
 7.7281   43
 7.7331   34
 7.7381   28
 7.7431   24
 7.7481   43
 7.7531   37
 7.7581   36
 7.7631   38
 7.7681   44
 7.7731   43
 7.7781   40
 7.7831   36
 7.7881   41
 7.7931   35
 7.7981   45
 7.8031   41
 7.8081   32
 7.8131   46
 7.8181   58
 7.8231   53
 7.8281   57
 7.8331   44
 7.8381   61
 7.8431   60
 7.8481   82
 7.8531   69
 7.8581   97
 7.8631  106
 7.8681  116
 7.8731  124
 7.8781  160
 7.8831  142
 7.8881  221
 7.8931  208
 7.8981  269
 7.9031  311
 7.9081  368
 7.9131  406
 7.9181  464
 7.9231  533
 7.9281  648
 7.9331  689
 7.9381  774
 7.9431  894
 7.9481 1000
 7.9531 1083
 7.9581 1225
 7.9631 1407
 7.9681 1481
 7.9731 1654
 7.9781 1733
 7.9831 1932
 7.9881 1976
 7.9931 2208
 7.9981 2163
 8.0031 2378
 8.0081 2472
 8.0131 2630
 8.0181 2688
 8.0231 2705
 8.0281 2698
 8.0331 2754
 8.0381 2804
 8.0431 2728
 8.0481 2752
 8.0531 2696
 8.0581 2670
 8.0631 2611
 8.0681 2394
 8.0731 2380
 8.0781 2300
 8.0831 2179
 8.0881 2033
 8.0931 1856
 8.0981 1744
 8.1031 1609
 8.1081 1511
 8.1131 1442
 8.1181 1297
 8.1231 1142
 8.1281 1042
 8.1331  832
 8.1381  823
 8.1431  710
 8.1481  635
 8.1531  558
 8.1581  510
 8.1631  433
 8.1681  365
 8.1731  317
 8.1781  287
 8.1831  242
 8.1881  203
 8.1931  159
 8.1981  162
 8.2031  134
 8.2081  117
 8.2131   90
 8.2181   74
 8.2231   75
 8.2281   76
 8.2331   64
 8.2381   51
 8.2431   66
 8.2481   43
 8.2531   36
 8.2581   39
 8.2631   27
 8.2681   40
 8.2731   52
 8.2781   36
 8.2831   28
 8.2881   41
 8.2931   29
 8.2981   38
 8.3031   34
 8.3081   32
 8.3131   27
 8.3181   32
 8.3231   19
 8.3281   29
 8.3331   33
 8.3381   31
 8.3431   29
 8.3481   30
 8.3531   22
 8.3581   32
 8.3631   36
 8.3681   27
 8.3731   28
 8.3781   28
 8.3831   35
 8.3881   25
 8.3931   25
 8.3981   29
 8.4031   41
 8.4081   21
 8.4131   26
 8.4181   42
 8.4231   22
 8.4281   36
 8.4331   24
 8.4381   36
 8.4431   33
 8.4481   30
 8.4531   28
 8.4581   32
 8.4631   35
 8.4681   25
 8.4731   32
 8.4781   25
 8.4831   30
 8.4881   22
 8.4931   34
 8.4981   20
 8.5031   30
 8.5081   30
 8.5131   26
 8.5181   42
 8.5231   21
 8.5281   24
 8.5331   35
 8.5381   32
 8.5431   37
 8.5481   30
 8.5531   39
 8.5581   39
 8.5631   30
 8.5681   34
 8.5731   31
 8.5781   39
 8.5831   26
 8.5881   33
 8.5931   25
 8.5981   34
 8.6031   29
 8.6081   27
 8.6131   32
 8.6181   34
 8.6231   40
 8.6281   33
 8.6331   31
 8.6381   38
 8.6431   24
 8.6481   33
 8.6531   41
 8.6581   44
 8.6631   30
 8.6681   47
 8.6731   30
 8.6781   34
 8.6831   41
 8.6881   41
 8.6931   41
 8.6981   39
 8.7031   34
 8.7081   40
 8.7131   52
 8.7181   38
 8.7231   45
 8.7281   41
 8.7331   53
 8.7381   46
 8.7431   64
 8.7481   48
 8.7531   55
 8.7581   62
 8.7631   61
 8.7681   85
 8.7731   77
 8.7781   93
 8.7831  101
 8.7881  124
 8.7931  122
 8.7981  126
 8.8031  166
 8.8081  163
 8.8131  153
 8.8181  217
 8.8231  191
 8.8281  226
 8.8331  231
 8.8381  283
 8.8431  290
 8.8481  280
 8.8531  343
 8.8581  316
 8.8631  291
 8.8681  340
 8.8731  327
 8.8781  319
 8.8831  368
 8.8881  359
 8.8931  388
 8.8981  367
 8.9031  425
 8.9081  395
 8.9131  392
 8.9181  357
 8.9231  349
 8.9281  375
 8.9331  341
 8.9381  317
 8.9431  339
 8.9481  302
 8.9531  299
 8.9581  273
 8.9631  258
 8.9681  234
 8.9731  239
 8.9781  203
 8.9831  192
 8.9881  204
 8.9931  169
 8.9981  136
 9.0031  131
 9.0081  103
 9.0131  112
 9.0181  113
 9.0231   92
 9.0281   88
 9.0331   71
 9.0381   62
 9.0431   42
 9.0481   48
 9.0531   46
 9.0581   48
 9.0631   41
 9.0681   33
 9.0731   30
 9.0781   30
 9.0831   29
 9.0881   30
 9.0931   17
 9.0981   24
 9.1031   20
 9.1081   28
 9.1131   14
 9.1181   18
 9.1231   12
 9.1281   13
 9.1331   32
 9.1381   18
 9.1431   14
 9.1481   17
 9.1531   26
 9.1581   18
 9.1631   16
 9.1681   21
 9.1731   20
 9.1781   16
 9.1831   20
 9.1881   18
 9.1931   23
 9.1981   26
 9.2031   17
 9.2081   15
 9.2131   20
 9.2181   13
 9.2231   18
 9.2281   20
 9.2331   16
 9.2381   21
 9.2431   22
 9.2481   14
 9.2531   13
 9.2581   19
 9.2631   17
 9.2681   15
 9.2731   25
 9.2781   22
 9.2831   22
 9.2881   15
 9.2931   29
 9.2981   19
 9.3031   19
 9.3081   11
 9.3131   16
 9.3181   18
 9.3231   16
 9.3281   16
 9.3331   11
 9.3381   19
 9.3431   16
 9.3481   18
 9.3531   16
 9.3581   25
 9.3631   26
 9.3681   19
 9.3731   15
 9.3781   31
 9.3831   25
 9.3881   12
 9.3931   10
 9.3981   16
 9.4031   20
 9.4081   20
 9.4131   19
 9.4181   21
 9.4231   12
 9.4281   17
 9.4331   13
 9.4381   15
 9.4431   22
 9.4481   22
 9.4531   13
 9.4581   22
 9.4631   17
 9.4681   12
 9.4731   15
 9.4781   26
 9.4831   16
 9.4881   14
 9.4931   15
 9.4981   18
 9.5031   16
 9.5081    8
 9.5131   19
 9.5181   11
 9.5231   19
 9.5281   19
 9.5331   15
 9.5381   22
 9.5431   16
 9.5481   13
 9.5531   17
 9.5581   20
 9.5631   15
 9.5681   15
 9.5731   25
 9.5781   20
 9.5831   20
 9.5881   21
 9.5931   21
 9.5981   17
 9.6031   14
 9.6081   18
 9.6131   14
 9.6181   21
 9.6231   17
 9.6281    9
 9.6331   20
 9.6381   23
 9.6431   25
 9.6481   15
 9.6531   17
 9.6581   19
 9.6631   20
 9.6681   18
 9.6731   21
 9.6781   23
 9.6831   16
 9.6881   14
 9.6931   16
 9.6981   20
 9.7031   15
 9.7081   26
 9.7131   21
 9.7181   24
 9.7231   22
 9.7281   20
 9.7331   18
 9.7381   13
 9.7431   21
 9.7481   15
 9.7531   16
 9.7581   19
 9.7631   18
 9.7681   11
 9.7731   24
 9.7781   16
 9.7831   22
 9.7881   15
 9.7931   17
 9.7981   18
 9.8031   28
 9.8081   18
 9.8131   22
 9.8181   15
 9.8231   11
 9.8281   17
 9.8331   15
 9.8381   18
 9.8431   20
 9.8481   20
 9.8531   17
 9.8581   20
 9.8631   11
 9.8681   20
 9.8731   22
 9.8781   13
 9.8831   21
 9.8881   20
 9.8931   18
 9.8981   21
 9.9031   13
 9.9081   20
 9.9131   20
 9.9181   22
 9.9231   23
 9.9281   17
 9.9331   21
 9.9381   13
 9.9431   19
 9.9481   19
 9.9531   10
 9.9581   24
 9.9631   19
 9.9681   16
 9.9731    9
 9.9781   23
 9.9831   17
 9.9881   10
 9.9931   13
 9.9981   12
10.0031   18
10.0081   16
10.0131   20
10.0181   19
10.0231   14
10.0281   20
10.0331   20
10.0381   18
10.0431   15
10.0481   19
10.0531   11
10.0581   15
10.0631   31
10.0681   15
10.0731   11
10.0781   21
10.0831   15
10.0881   24
10.0931   15
10.0981   18
10.1031   13
10.1081   12
10.1131   20
10.1181   19
10.1231   24
10.1281   16
10.1331   21
10.1381   16
10.1431   11
10.1481   17
10.1531   19
10.1581   13
10.1631   16
10.1681   14
10.1731   21
10.1781   13
10.1831   16
10.1881   16
10.1931   22
10.1981   21
10.2031   11
10.2081   19
10.2131   16
10.2181   22
10.2231   13
10.2281   14
10.2331   10
10.2381   22
10.2431   11
10.2481   19
10.2531   15
10.2581   16
10.2631   20
10.2681   21
10.2731   13
10.2781   19
10.2831   14
10.2881   21
10.2931   17
10.2981   15
10.3031   22
10.3081   20
10.3131   14
10.3181   12
10.3231   16
10.3281   16
10.3331   15
10.3381   16
10.3431   21
10.3481   20
10.3531   14
10.3581   19
10.3631   15
10.3681   15
10.3731   22
10.3781   14
10.3831   11
10.3881   26
10.3931   10
10.3981   13
10.4031   20
10.4081   10
10.4131   15
10.4181   13
10.4231    9
10.4281   17
10.4331   16
10.4381   15
10.4431   24
10.4481   16
10.4531   18
10.4581   10
10.4631   15
10.4681   13
10.4731   18
10.4781   28
10.4831   17
10.4881   19
10.4931   18
10.4981   12
10.5031   21
10.5081   16
10.5131   18
10.5181   22
10.5231   14
10.5281   26
10.5331   20
10.5381   12
10.5431   16
10.5481   11
10.5531   13
10.5581   12
10.5631   20
10.5681   19
10.5731   18
10.5781   21
10.5831   22
10.5881   11
10.5931   16
10.5981   18
10.6031   11
10.6081   16
10.6131   13
10.6181   18
10.6231   18
10.6281   18
10.6331   15
10.6381   12
10.6431   10
10.6481   13
10.6531   18
10.6581   11
10.6631   15
10.6681   20
10.6731   15
10.6781   19
10.6831   14
10.6881   16
10.6931   12
10.6981   17
10.7031   17
10.7081   27
10.7131   15
10.7181    7
10.7231   15
10.7281   12
10.7331   16
10.7381   18
10.7431   17
10.7481   11
10.7531   16
10.7581   17
10.7631   10
10.7681   13
10.7731   19
10.7781   10
10.7831   10
10.7881    8
10.7931    8
10.7981    9
10.8031   16
10.8081   15
10.8131   10
10.8181   16
10.8231   15
10.8281   19
10.8331   21
10.8381   16
10.8431   16
10.8481   14
10.8531   18
10.8581   17
10.8631   20
10.8681    9
10.8731   16
10.8781   13
10.8831   13
10.8881   22
10.8931   20
10.8981   20
10.9031   18
10.9081   16
10.9131   14
10.9181   15
10.9231   23
10.9281   12
10.9331   19
10.9381   14
10.9431   17
10.9481   12
10.9531   17
10.9581   15
10.9631   15
10.9681   17
10.9731   16
10.9781   15
10.9831   11
10.9881   11
10.9931   17
10.9981   22
11.0031   19
11.0081    7
11.0131   13
11.0181   23
11.0231   14
11.0281   16
11.0331   14
11.0381   10
11.0431   16
11.0481   12
11.0531   15
11.0581   24
11.0631   15
11.0681   16
11.0731   16
11.0781   14
11.0831   15
11.0881   14
11.0931   17
11.0981   14
11.1031   11
11.1081   16
11.1131   16
11.1181   16
11.1231   16
11.1281   17
11.1331   16
11.1381   15
11.1431   12
11.1481   16
11.1531   18
11.1581   14
11.1631   13
11.1681   15
11.1731   20
11.1781   14
11.1831   14
11.1881   21
11.1931   12
11.1981   18
11.2031   11
11.2081   13
11.2131   11
11.2181   14
11.2231    7
11.2281   15
11.2331   19
11.2381   22
11.2431   18
11.2481   13
11.2531   17
11.2581   21
11.2631   15
11.2681   17
11.2731   19
11.2781   18
11.2831   21
11.2881   10
11.2931   18
11.2981   22
11.3031   14
11.3081   11
11.3131   15
11.3181   13
11.3231    8
11.3281   21
11.3331   17
11.3381   14
11.3431    8
11.3481   11
11.3531   17
11.3581   16
11.3631    7
11.3681   16
11.3731   11
11.3781   14
11.3831   21
11.3881   20
11.3931   11
11.3981   15
11.4031   15
11.4081   16
11.4131    8
11.4181   13
11.4231   17
11.4281   20
11.4331   14
11.4381   13
11.4431   13
11.4481   16
11.4531   12
11.4581   10
11.4631   15
11.4681   14
11.4731   12
11.4781   23
11.4831   12
11.4881   13
11.4931   11
11.4981   17
11.5031   12
11.5081   14
11.5131   17
11.5181   16
11.5231   22
11.5281   15
11.5331   11
11.5381    8
11.5431   21
11.5481   12
11.5531   10
11.5581   18
11.5631   13
11.5681   14
11.5731   15
11.5781   16
11.5831    9
11.5881    7
11.5931   10
11.5981   17
11.6031   17
11.6081   18
11.6131   14
11.6181   11
11.6231   19
11.6281   18
11.6331   15
11.6381   10
11.6431   18
11.6481   13
11.6531    9
11.6581   12
11.6631   11
11.6681   19
11.6731    8
11.6781   10
11.6831   10
11.6881   10
11.6931   14
11.6981   10
11.7031   16
11.7081    7
11.7131   14
11.7181   11
11.7231   19
11.7281   16
11.7331   12
11.7381   13
11.7431    9
11.7481   21
11.7531   15
11.7581   12
11.7631   24
11.7681    7
11.7731   13
11.7781    8
11.7831   12
11.7881   15
11.7931   18
11.7981   15
11.8031   15
11.8081   12
11.8131    6
11.8181   11
11.8231   13
11.8281    8
11.8331    8
11.8381   16
11.8431   14
11.8481   15
11.8531   12
11.8581   10
11.8631    9
11.8681   17
11.8731   18
11.8781   14
11.8831   19
11.8881    7
11.8931   18
11.8981   15
11.9031   13
11.9081   14
11.9131   13
11.9181   11
11.9231   10
11.9281   13
11.9331    7
11.9381    8
11.9431   12
11.9481   12
11.9531   16
11.9581    9
11.9631   10
11.9681   13
11.9731   11
11.9781   14
11.9831   16
11.9881   14
11.9931   16
11.9981   14
12.0031   18
12.0081   15
12.0131   13
12.0181   11
12.0231   12
12.0281   13
12.0331   16
12.0381   12
12.0431    9
12.0481   15
12.0531   10
12.0581   10
12.0631   16
12.0681   15
12.0731    6
12.0781   16
12.0831   12
12.0881   15
12.0931   16
12.0981   13
12.1031   12
12.1081   11
12.1131   14
12.1181   17
12.1231    8
12.1281   14
12.1331   10
12.1381   12
12.1431    6
12.1481   16
12.1531    6
12.1581    9
12.1631   14
12.1681   14
12.1731   14
12.1781   16
12.1831   11
12.1881    6
12.1931   18
12.1981    9
12.2031   10
12.2081   12
12.2131   11
12.2181   13
12.2231   11
12.2281    8
12.2331   16
12.2381   17
12.2431   18
12.2481   16
12.2531   13
12.2581   12
12.2631   13
12.2681   18
12.2731   18
12.2781    9
12.2831   11
12.2881   20
12.2931    9
12.2981   12
12.3031   12
12.3081    6
12.3131   11
12.3181   17
12.3231   16
12.3281   10
12.3331   11
12.3381   13
12.3431    9
12.3481   16
12.3531    9
12.3581   12
12.3631   11
12.3681   18
12.3731   10
12.3781   15
12.3831    7
12.3881   10
12.3931   12
12.3981   14
12.4031   11
12.4081   16
12.4131   11
12.4181   11
12.4231   12
12.4281   15
12.4331    8
12.4381   13
12.4431   13
12.4481   15
12.4531   13
12.4581    8
12.4631    7
12.4681    5
12.4731   13
12.4781   17
12.4831   12
12.4881   12
12.4931   10
12.4981   17
12.5031    7
12.5081    8
12.5131    8
12.5181   14
12.5231   16
12.5281   16
12.5331    8
12.5381   13
12.5431   11
12.5481   12
12.5531   17
12.5581   12
12.5631    9
12.5681   16
12.5731   12
12.5781   10
12.5831   11
12.5881   14
12.5931   18
12.5981   14
12.6031   20
12.6081   11
12.6131   11
12.6181   10
12.6231   15
12.6281   13
12.6331   10
12.6381   16
12.6431   16
12.6481   10
12.6531   17
12.6581   15
12.6631   14
12.6681    9
12.6731    9
12.6781   15
12.6831   13
12.6881   11
12.6931   12
12.6981   11
12.7031   12
12.7081   15
12.7131   10
12.7181    8
12.7231   13
12.7281   15
12.7331    8
12.7381   18
12.7431   13
12.7481    7
12.7531   13
12.7581    8
12.7631   17
12.7681    3
12.7731   13
12.7781   12
12.7831   15
12.7881   15
12.7931    9
12.7981   20
12.8031    6
12.8081    8
12.8131    9
12.8181   10
12.8231   10
12.8281    7
12.8331   13
12.8381   10
12.8431    8
12.8481   13
12.8531   20
12.8581   16
12.8631   14
12.8681   13
12.8731   11
12.8781   12
12.8831   14
12.8881   12
12.8931   17
12.8981   10
12.9031   23
12.9081    6
12.9131    8
12.9181   16
12.9231   11
12.9281   12
12.9331   15
12.9381    8
12.9431   12
12.9481   13
12.9531   15
12.9581    6
12.9631   10
12.9681   12
12.9731   11
12.9781   14
12.9831   11
12.9881    7
12.9931   11
12.9981   11
13.0031   13
13.0081   11
13.0131    7
13.0181   16
13.0231    9
13.0281   15
13.0331   11
13.0381   11
13.0431    8
13.0481   12
13.0531   12
13.0581   18
13.0631    9
13.0681    8
13.0731   14
13.0781   11
13.0831    9
13.0881   13
13.0931   22
13.0981    7
13.1031   12
13.1081    8
13.1131   10
13.1181   14
13.1231   11
13.1281   10
13.1331    8
13.1381   15
13.1431    9
13.1481   12
13.1531    8
13.1581   18
13.1631   20
13.1681    6
13.1731   12
13.1781   10
13.1831   14
13.1881    9
13.1931    8
13.1981   14
13.2031    5
13.2081   11
13.2131   12
13.2181   13
13.2231    9
13.2281   11
13.2331    5
13.2381   10
13.2431   12
13.2481    5
13.2531    9
13.2581    9
13.2631    4
13.2681   14
13.2731   11
13.2781   10
13.2831   10
13.2881   23
13.2931   12
13.2981   15
13.3031    7
13.3081   16
13.3131    8
13.3181    6
13.3231    9
13.3281    6
13.3331    7
13.3381   10
13.3431    8
13.3481    5
13.3531    4
13.3581   10
13.3631   12
13.3681   12
13.3731   13
13.3781    9
13.3831   17
13.3881   12
13.3931   14
13.3981   12
13.4031   13
13.4081    9
13.4131    9
13.4181   10
13.4231    5
13.4281   12
13.4331    9
13.4381   13
13.4431   12
13.4481   12
13.4531   10
13.4581   10
13.4631   11
13.4681   10
13.4731   14
13.4781   11
13.4831   13
13.4881   11
13.4931    9
13.4981    9
13.5031    5
13.5081   11
13.5131    9
13.5181   10
13.5231    9
13.5281    9
13.5331    6
13.5381   11
13.5431    6
13.5481    8
13.5531    7
13.5581   11
13.5631   11
13.5681    8
13.5731   11
13.5781   11
13.5831    9
13.5881   14
13.5931   12
13.5981   18
13.6031   11
13.6081    8
13.6131   11
13.6181    7
13.6231    4
13.6281   12
13.6331   11
13.6381   17
13.6431   12
13.6481   10
13.6531    9
13.6581   13
13.6631    6
13.6681    8
13.6731   12
13.6781    8
13.6831   10
13.6881   11
13.6931   15
13.6981    6
13.7031   13
13.7081   14
13.7131   11
13.7181   10
13.7231   13
13.7281    7
13.7331   11
13.7381   11
13.7431   10
13.7481    6
13.7531   12
13.7581   12
13.7631    7
13.7681   10
13.7731    8
13.7781   11
13.7831    5
13.7881    9
13.7931    6
13.7981   10
13.8031   13
13.8081   13
13.8131    6
13.8181    6
13.8231   13
13.8281   10
13.8331    8
13.8381    8
13.8431   13
13.8481    8
13.8531   15
13.8581   15
13.8631   14
13.8681   15
13.8731    8
13.8781   10
13.8831   10
13.8881   13
13.8931    9
13.8981   12
13.9031   14
13.9081   13
13.9131    5
13.9181   15
13.9231    9
13.9281   11
13.9331    7
13.9381    8
13.9431    8
13.9481   14
13.9531    6
13.9581    6
13.9631   12
13.9681    7
13.9731    8
13.9781    9
13.9831    9
13.9881    7
13.9931   10
13.9981    9
14.0031    9
14.0081   11
14.0131    6
14.0181   15
14.0231   10
14.0281   12
14.0331    8
14.0381    5
14.0431    7
14.0481    8
14.0531   15
14.0581    8
14.0631    5
14.0681   10
14.0731    3
14.0781   16
14.0831    6
14.0881   10
14.0931    5
14.0981   14
14.1031    6
14.1081   10
14.1131   11
14.1181    8
14.1231    7
14.1281   10
14.1331   14
14.1381    6
14.1431    8
14.1481    6
14.1531   12
14.1581    8
14.1631    7
14.1681   12
14.1731   11
14.1781   10
14.1831    8
14.1881    9
14.1931    7
14.1981    9
14.2031   11
14.2081    9
14.2131    7
14.2181    5
14.2231   10
14.2281    8
14.2331    5
14.2381    6
14.2431    6
14.2481    5
14.2531    7
14.2581   12
14.2631    9
14.2681    2
14.2731    6
14.2781    5
14.2831    5
14.2881    8
14.2931    4
14.2981    6
14.3031    6
14.3081    9
14.3131    7
14.3181    9
14.3231    8
14.3281    5
14.3331    6
14.3381   10
14.3431   13
14.3481   16
14.3531    9
14.3581    6
14.3631   12
14.3681    7
14.3731    5
14.3781    7
14.3831    9
14.3881   10
14.3931    5
14.3981    5
14.4031   10
14.4081   11
14.4131    8
14.4181    8
14.4231    4
14.4281   11
14.4331    5
14.4381    8
14.4431   12
14.4481    8
14.4531    6
14.4581    8
14.4631    6
14.4681    8
14.4731   11
14.4781   11
14.4831    8
14.4881    8
14.4931    6
14.4981    9
14.5031    6
14.5081    9
14.5131    6
14.5181    7
14.5231    9
14.5281    9
14.5331    9
14.5381    7
14.5431    7
14.5481    8
14.5531   10
14.5581    6
14.5631   12
14.5681    3
14.5731    9
14.5781    9
14.5831   11
14.5881    6
14.5931    5
14.5981    8
14.6031   10
14.6081    6
14.6131    8
14.6181    8
14.6231   11
14.6281    6
14.6331   12
14.6381    8
14.6431    6
14.6481    8
14.6531    3
14.6581   10
14.6631   13
14.6681    7
14.6731   12
14.6781    5
14.6831    9
14.6881    5
14.6931    9
14.6981   10
14.7031    8
14.7081    7
14.7131   10
14.7181   11
14.7231    8
14.7281    7
14.7331    3
14.7381   12
14.7431    8
14.7481    5
14.7531    6
14.7581    5
14.7631   11
14.7681    8
14.7731   11
14.7781    8
14.7831   12
14.7881    6
14.7931    7
14.7981    8
14.8031    9
14.8081   10
14.8131    4
14.8181    9
14.8231    7
14.8281    3
14.8331    7
14.8381    9
14.8431    8
14.8481   12
14.8531   10
14.8581    4
14.8631   13
14.8681    9
14.8731    6
14.8781    6
14.8831   12
14.8881    7
14.8931    8
14.8981    8
14.9031   10
14.9081    9
14.9131    7
14.9181    9
14.9231    7
14.9281    4
14.9331   14
14.9381    7
14.9431    6
14.9481   10
14.9531    8
14.9581    6
14.9631    8
14.9681    6
14.9731   10
14.9781    5
14.9831    8
14.9881    9
14.9931   12
14.9981    3
15.0031    8
15.0081    8
15.0131   13
15.0181    4
15.0231    6
15.0281    9
15.0331    5
15.0381   11
15.0431    8
15.0481    8
15.0531    7
15.0581    6
15.0631   10
15.0681   10
15.0731    9
15.0781    2
15.0831    7
15.0881    5
15.0931    9
15.0981   10
15.1031   10
15.1081    9
15.1131    9
15.1181    9
15.1231   10
15.1281    7
15.1331   12
15.1381    4
15.1431    6
15.1481    7
15.1531    9
15.1581    6
15.1631    6
15.1681    6
15.1731    6
15.1781    6
15.1831   11
15.1881    6
15.1931   10
15.1981    8
15.2031   10
15.2081    8
15.2131    5
15.2181    6
15.2231    6
15.2281   11
15.2331    7
15.2381    6
15.2431   16
15.2481    8
15.2531    3
15.2581    6
15.2631    6
15.2681    3
15.2731    9
15.2781    7
15.2831    7
15.2881    5
15.2931    8
15.2981    9
15.3031   11
15.3081    9
15.3131    7
15.3181    5
15.3231    8
15.3281    5
15.3331    5
15.3381    6
15.3431    5
15.3481    8
15.3531    5
15.3581    5
15.3631    6
15.3681   11
15.3731    7
15.3781    9
15.3831    5
15.3881   12
15.3931    5
15.3981   10
15.4031    5
15.4081   10
15.4131    7
15.4181    3
15.4231    4
15.4281   12
15.4331    6
15.4381    9
15.4431    8
15.4481    7
15.4531   12
15.4581    9
15.4631    6
15.4681    7
15.4731    8
15.4781    5
15.4831    5
15.4881    5
15.4931    7
15.4981    8
15.5031    5
15.5081    9
15.5131    5
15.5181   12
15.5231    6
15.5281    6
15.5331    7
15.5381    3
15.5431    4
15.5481    6
15.5531    4
15.5581    9
15.5631    2
15.5681    7
15.5731    4
15.5781    9
15.5831    5
15.5881    7
15.5931   14
15.5981   13
15.6031    2
15.6081    5
15.6131    6
15.6181    7
15.6231    5
15.6281    6
15.6331    4
15.6381   13
15.6431   12
15.6481   11
15.6531    4
15.6581    8
15.6631   10
15.6681    8
15.6731    4
15.6781    6
15.6831   11
15.6881    4
15.6931    6
15.6981   11
15.7031    6
15.7081    5
15.7131   11
15.7181   13
15.7231    9
15.7281    6
15.7331    5
15.7381    7
15.7431    7
15.7481    7
15.7531    5
15.7581    4
15.7631    7
15.7681    4
15.7731    6
15.7781    6
15.7831   11
15.7881    7
15.7931    9
15.7981    2
15.8031    6
15.8081    5
15.8131    6
15.8181    4
15.8231    6
15.8281    4
15.8331   12
15.8381    8
15.8431    9
15.8481   10
15.8531    8
15.8581    7
15.8631   10
15.8681    4
15.8731    3
15.8781    5
15.8831    7
15.8881    3
15.8931   10
15.8981    7
15.9031    6
15.9081    8
15.9131    9
15.9181   11
15.9231   11
15.9281    5
15.9331    2
15.9381   10
15.9431    7
15.9481    6
15.9531    8
15.9581    4
15.9631    5
15.9681    3
15.9731    9
15.9781    7
15.9831   11
15.9881   10
15.9931    5
15.9981    9
16.0031    8
16.0081    9
16.0131    7
16.0181    9
16.0231    8
16.0281    5
16.0331    9
16.0381   11
16.0431    6
16.0481    6
16.0531    2
16.0581    9
16.0631    6
16.0681    7
16.0731    8
16.0781    5
16.0831    5
16.0881    6
16.0931    5
16.0981   11
16.1031    7
16.1081    8
16.1131    8
16.1181    7
16.1231   10
16.1281    7
16.1331   11
16.1381    6
16.1431   11
16.1481    6
16.1531    6
16.1581    3
16.1631    4
16.1681    4
16.1731    6
16.1781   11
16.1831    7
16.1881    9
16.1931    7
16.1981    5
16.2031    4
16.2081   10
16.2131    3
16.2181    8
16.2231    4
16.2281    7
16.2331    2
16.2381    2
16.2431    5
16.2481    5
16.2531    3
16.2581    6
16.2631    5
16.2681    9
16.2731    7
16.2781    7
16.2831    6
16.2881    6
16.2931    5
16.2981    8
16.3031    9
16.3081    7
16.3131    8
16.3181    6
16.3231    6
16.3281    8
16.3331    7
16.3381    7
16.3431    4
16.3481   10
16.3531    6
16.3581    3
16.3631    6
16.3681    4
16.3731   10
16.3781    5
16.3831    4
16.3881    2
16.3931    5
16.3981    7
16.4031    4
16.4081    7
16.4131    6
16.4181    6
16.4231   10
16.4281    4
16.4331    3
16.4381    7
16.4431    7
16.4481    4
16.4531    6
16.4581    8
16.4631    4
16.4681    4
16.4731    5
16.4781    5
16.4831    9
16.4881    6
16.4931    7
16.4981    3
16.5031    8
16.5081    6
16.5131    5
16.5181    3
16.5231    3
16.5281    4
16.5331    4
16.5381    6
16.5431    3
16.5481    5
16.5531    9
16.5581    5
16.5631    5
16.5681   12
16.5731    4
16.5781   10
16.5831    3
16.5881    4
16.5931    7
16.5981    9
16.6031    9
16.6081    5
16.6131    4
16.6181    7
16.6231    9
16.6281    7
16.6331    7
16.6381   10
16.6431    8
16.6481   10
16.6531    5
16.6581    5
16.6631    5
16.6681    2
16.6731    1
16.6781    9
16.6831    5
16.6881    4
16.6931    1
16.6981    7
16.7031    7
16.7081    4
16.7131    3
16.7181    3
16.7231    5
16.7281    8
16.7331    2
16.7381    3
16.7431   11
16.7481    6
16.7531    7
16.7581    8
16.7631    4
16.7681    7
16.7731   10
16.7781    9
16.7831    3
16.7881    5
16.7931    5
16.7981    2
16.8031    5
16.8081   10
16.8131    3
16.8181    5
16.8231    6
16.8281    6
16.8331    2
16.8381    7
16.8431    7
16.8481    4
16.8531    4
16.8581    5
16.8631    6
16.8681    5
16.8731   10
16.8781   11
16.8831    6
16.8881    5
16.8931    5
16.8981    4
16.9031    7
16.9081    5
16.9131   10
16.9181    1
16.9231    4
16.9281    7
16.9331    6
16.9381    8
16.9431    2
16.9481    2
16.9531    3
16.9581    4
16.9631    6
16.9681    2
16.9731    6
16.9781    8
16.9831    4
16.9881    7
16.9931    3
16.9981    9
17.0031    6
17.0081    6
17.0131    7
17.0181    9
17.0231    6
17.0281    3
17.0331    4
17.0381    4
17.0431    4
17.0481    7
17.0531    3
17.0581    9
17.0631    7
17.0681   10
17.0731    8
17.0781    6
17.0831    3
17.0881    4
17.0931    6
17.0981    2
17.1031   10
17.1081    5
17.1131    5
17.1181    6
17.1231    6
17.1281    1
17.1331    4
17.1381    5
17.1431    7
17.1481    5
17.1531    6
17.1581    4
17.1631    2
17.1681    4
17.1731    4
17.1781    6
17.1831    5
17.1881    4
17.1931    7
17.1981    3
17.2031    4
17.2081    4
17.2131    7
17.2181    5
17.2231    6
17.2281    6
17.2331    6
17.2381    6
17.2431    7
17.2481    9
17.2531    6
17.2581    6
17.2631    6
17.2681    7
17.2731    6
17.2781    6
17.2831    1
17.2881    2
17.2931    6
17.2981    4
17.3031    9
17.3081    6
17.3131    3
17.3181    6
17.3231    4
17.3281    2
17.3331    5
17.3381    2
17.3431    8
17.3481    6
17.3531    9
17.3581    2
17.3631    6
17.3681    3
17.3731    8
17.3781    6
17.3831    2
17.3881    3
17.3931    5
17.3981    7
17.4031    0
17.4081    4
17.4131    2
17.4181    3
17.4231    7
17.4281    1
17.4331   10
17.4381    5
17.4431    8
17.4481    4
17.4531    9
17.4581    3
17.4631    6
17.4681    4
17.4731    7
17.4781    4
17.4831    6
17.4881    5
17.4931    4
17.4981    5
17.5031    6
17.5081    3
17.5131    3
17.5181    3
17.5231    1
17.5281    4
17.5331    2
17.5381    2
17.5431    7
17.5481    6
17.5531    7
17.5581    5
17.5631    3
17.5681    3
17.5731    3
17.5781    8
17.5831    6
17.5881    6
17.5931    5
17.5981    2
17.6031    6
17.6081    5
17.6131    2
17.6181    4
17.6231    1
17.6281    2
17.6331    3
17.6381    9
17.6431    7
17.6481    4
17.6531    3
17.6581    2
17.6631    8
17.6681    3
17.6731    3
17.6781    1
17.6831    2
17.6881    2
17.6931    8
17.6981    6
17.7031    6
17.7081    4
17.7131    4
17.7181    4
17.7231    5
17.7281    6
17.7331    4
17.7381    3
17.7431    5
17.7481    9
17.7531    5
17.7581    6
17.7631    8
17.7681    4
17.7731    5
17.7781    4
17.7831    3
17.7881    6
17.7931    4
17.7981    4
17.8031    4
17.8081    2
17.8131    5
17.8181    3
17.8231    7
17.8281    2
17.8331    5
17.8381    6
17.8431    6
17.8481    2
17.8531    3
17.8581    1
17.8631    6
17.8681    2
17.8731    3
17.8781    3
17.8831    5
17.8881    2
17.8931    8
17.8981    2
17.9031    8
17.9081    6
17.9131    6
17.9181    2
17.9231    2
17.9281    2
17.9331    1
17.9381    0
17.9431    5
17.9481    2
17.9531   11
17.9581    4
17.9631    3
17.9681    2
17.9731    5
17.9781    5
17.9831    5
17.9881    4
17.9931    2
17.9981    7
18.0031    5
18.0081    2
18.0131    3
18.0181    1
18.0231    5
18.0281    6
18.0331    2
18.0381    6
18.0431    7
18.0481    2
18.0531    0
18.0581    3
18.0631    4
18.0681    3
18.0731    4
18.0781    6
18.0831    6
18.0881    2
18.0931    6
18.0981    1
18.1031    1
18.1081    3
18.1131    1
18.1181    3
18.1231    2
18.1281    2
18.1331    3
18.1381    7
18.1431    4
18.1481    2
18.1531    3
18.1581    5
18.1631    4
18.1681    5
18.1731    3
18.1781    5
18.1831    6
18.1881    2
18.1931    1
18.1981    5
18.2031    4
18.2081    3
18.2131    2
18.2181    5
18.2231    4
18.2281    4
18.2331    1
18.2381    3
18.2431    5
18.2481    3
18.2531    4
18.2581    5
18.2631    3
18.2681    4
18.2731    4
18.2781    3
18.2831    1
18.2881    3
18.2931    4
18.2981    2
18.3031    4
18.3081    3
18.3131    7
18.3181    2
18.3231    5
18.3281    5
18.3331    4
18.3381    3
18.3431    3
18.3481    4
18.3531    4
18.3581    4
18.3631    4
18.3681    5
18.3731    0
18.3781    6
18.3831    8
18.3881    3
18.3931    4
18.3981    3
18.4031    3
18.4081    2
18.4131    1
18.4181    4
18.4231    5
18.4281    3
18.4331    7
18.4381    5
18.4431    7
18.4481    3
18.4531    4
18.4581    2
18.4631    3
18.4681    3
18.4731    4
18.4781    3
18.4831    5
18.4881    3
18.4931    4
18.4981    6
18.5031    2
18.5081    1
18.5131    4
18.5181    4
18.5231    4
18.5281    2
18.5331    1
18.5381    8
18.5431    4
18.5481    2
18.5531    7
18.5581    3
18.5631    3
18.5681    1
18.5731    3
18.5781    6
18.5831    4
18.5881    4
18.5931    3
18.5981    3
18.6031    1
18.6081    5
18.6131    1
18.6181    7
18.6231    6
18.6281    4
18.6331    1
18.6381    2
18.6431    2
18.6481    6
18.6531    3
18.6581    3
18.6631    8
18.6681    5
18.6731    3
18.6781    5
18.6831    3
18.6881    3
18.6931    2
18.6981    8
18.7031    5
18.7081    2
18.7131    3
18.7181    1
18.7231    2
18.7281    4
18.7331    2
18.7381    6
18.7431    1
18.7481    4
18.7531    2
18.7581    4
18.7631    3
18.7681    5
18.7731    1
18.7781    0
18.7831    5
18.7881    7
18.7931    3
18.7981    7
18.8031    1
18.8081    1
18.8131    1
18.8181    3
18.8231    4
18.8281    1
18.8331    4
18.8381    2
18.8431    4
18.8481    5
18.8531    1
18.8581    3
18.8631    4
18.8681    0
18.8731    1
18.8781    1
18.8831    3
18.8881    3
18.8931    4
18.8981    7
18.9031    4
18.9081    2
18.9131    3
18.9181    6
18.9231    6
18.9281    4
18.9331    3
18.9381    4
18.9431    5
18.9481    6
18.9531    2
18.9581    4
18.9631    1
18.9681    2
18.9731    2
18.9781    2
18.9831    2
18.9881    0
18.9931    4
18.9981    4
19.0031    7
19.0081    1
19.0131    2
19.0181    4
19.0231    5
19.0281    0
19.0331    2
19.0381    4
19.0431    3
19.0481    4
19.0531    1
19.0581    5
19.0631    1
19.0681    4
19.0731    3
19.0781    2
19.0831    3
19.0881    5
19.0931    3
19.0981    1
19.1031    2
19.1081    4
19.1131    3
19.1181    5
19.1231    3
19.1281    3
19.1331    5
19.1381    2
19.1431    5
19.1481    3
19.1531    3
19.1581    2
19.1631    3
19.1681    5
19.1731    5
19.1781    1
19.1831    3
19.1881    4
19.1931    4
19.1981    2
19.2031    3
19.2081    5
19.2131    4
19.2181    3
19.2231    3
19.2281    3
19.2331    6
19.2381    4
19.2431    1
19.2481    2
19.2531    3
19.2581    4
19.2631    3
19.2681    1
19.2731    1
19.2781    2
19.2831    3
19.2881    2
19.2931    2
19.2981    2
19.3031    2
19.3081    2
19.3131    1
19.3181    7
19.3231    3
19.3281    2
19.3331    2
19.3381    6
19.3431    3
19.3481    2
19.3531    1
19.3581    1
19.3631    3
19.3681    3
19.3731    4
19.3781    5
19.3831    3
19.3881    4
19.3931    4
19.3981    7
19.4031    3
19.4081    1
19.4131    3
19.4181    5
19.4231    5
19.4281    4
19.4331    3
19.4381    2
19.4431    4
19.4481    1
19.4531    3
19.4581    0
19.4631    3
19.4681    3
19.4731    3
19.4781    3
19.4831    4
19.4881    6
19.4931    4
19.4981    2
19.5031    3
19.5081    2
19.5131    2
19.5181    4
19.5231    1
19.5281    3
19.5331    2
19.5381    5
19.5431    2
19.5481    2
19.5531    3
19.5581    3
19.5631    4
19.5681    6
19.5731    3
19.5781    0
19.5831    4
19.5881    2
19.5931    3
19.5981    1
19.6031    3
19.6081    3
19.6131    1
19.6181    5
19.6231    4
19.6281    0
19.6331    6
19.6381    0
19.6431    4
19.6481    4
19.6531    5
19.6581    5
19.6631    1
19.6681    2
19.6731    2
19.6781    3
19.6831    3
19.6881    2
19.6931    2
19.6981    3
19.7031    3
19.7081    1
19.7131    0
19.7181    1
19.7231    2
19.7281    4
19.7331    5
19.7381    6
19.7431    1
19.7481    2
19.7531    3
19.7581    2
19.7631    2
19.7681    0
19.7731    2
19.7781    2
19.7831    4
19.7881    5
19.7931    2
19.7981    2
19.8031    2
19.8081    3
19.8131    3
19.8181    5
19.8231    4
19.8281    4
19.8331    3
19.8381    3
19.8431    2
19.8481    1
19.8531    4
19.8581    3
19.8631    5
19.8681    1
19.8731    3
19.8781    4
19.8831    1
19.8881    4
19.8931    2
19.8981    1
19.9031    3
19.9081    4
19.9131    2
19.9181    3
19.9231    1
19.9281    2
19.9331    6
19.9381    0
19.9431    1
19.9481    3
19.9531    8
19.9581    3
19.9631    3
19.9681    2
19.9731    1
19.9781    2
19.9831    1
19.9881    5
19.9931    3
19.9981    1
