Bruker Nano GmbH Berlin, Germany
Esprit 1.9

Date: 9/14/2017 8:19:18 PM
Real time: 34289
Life time: 30300
Pulse density: 8259

Primary energy: 30
Take off angle: 35
Tilt angle: 0
Azimut angle: 45

Detector type: XFlash 6|30
Window type: slew AP3.3
Detector thickness: 0.45
Si dead layer:0.029

Calibration, lin.: 5
Calibration, abs.: -476.9
Mn FWHM: 126.297
Fano factor: 0.11
Channels: 4096

Energy Counts
-0.4769    0
-0.4719    0
-0.4669    0
-0.4619    0
-0.4569    0
-0.4519    0
-0.4469    0
-0.4419    0
-0.4369    0
-0.4319    0
-0.4269    0
-0.4219    0
-0.4169    0
-0.4119    0
-0.4069    0
-0.4019    0
-0.3969    0
-0.3919    0
-0.3869    0
-0.3819    0
-0.3769    0
-0.3719    0
-0.3669    0
-0.3619    0
-0.3569    0
-0.3519    0
-0.3469    0
-0.3419    0
-0.3369    0
-0.3319    0
-0.3269    0
-0.3219    0
-0.3169    0
-0.3119    0
-0.3069    0
-0.3019    0
-0.2969    0
-0.2919    0
-0.2869    0
-0.2819    0
-0.2769    0
-0.2719    0
-0.2669    0
-0.2619    0
-0.2569    0
-0.2519    0
-0.2469    0
-0.2419    0
-0.2369    0
-0.2319    0
-0.2269    0
-0.2219    0
-0.2169    0
-0.2119    0
-0.2069    0
-0.2019    0
-0.1969    0
-0.1919    0
-0.1869    0
-0.1819    0
-0.1769    0
-0.1719    0
-0.1669    0
-0.1619    0
-0.1569    0
-0.1519    0
-0.1469    0
-0.1419    0
-0.1369    0
-0.1319    0
-0.1269    0
-0.1219    0
-0.1169    0
-0.1119    0
-0.1069    0
-0.1019    0
-0.0969    0
-0.0919    0
-0.0869    0
-0.0819    0
-0.0769    0
-0.0719    1
-0.0669    9
-0.0619   15
-0.0569   27
-0.0519   73
-0.0469  150
-0.0419  283
-0.0369  464
-0.0319  776
-0.0269 1194
-0.0219 1677
-0.0169 2195
-0.0119 2624
-0.0069 3004
-0.0019 3215
 0.0031 3221
 0.0081 3075
 0.0131 2585
 0.0181 2066
 0.0231 1505
 0.0281 1114
 0.0331  667
 0.0381  409
 0.0431  263
 0.0481  129
 0.0531   65
 0.0581   35
 0.0631    9
 0.0681    9
 0.0731    0
 0.0781    0
 0.0831    0
 0.0881    0
 0.0931    0
 0.0981    0
 0.1031    0
 0.1081    0
 0.1131    0
 0.1181    0
 0.1231    1
 0.1281   15
 0.1331   11
 0.1381    4
 0.1431   14
 0.1481   11
 0.1531   19
 0.1581   15
 0.1631   17
 0.1681   12
 0.1731   10
 0.1781   26
 0.1831   26
 0.1881   27
 0.1931   39
 0.1981   58
 0.2031   69
 0.2081   96
 0.2131  143
 0.2181  223
 0.2231  316
 0.2281  472
 0.2331  676
 0.2381  993
 0.2431 1386
 0.2481 1843
 0.2531 2302
 0.2581 2980
 0.2631 3362
 0.2681 3933
 0.2731 4043
 0.2781 4326
 0.2831 4060
 0.2881 3931
 0.2931 3382
 0.2981 2833
 0.3031 2328
 0.3081 1710
 0.3131 1280
 0.3181  845
 0.3231  560
 0.3281  342
 0.3331  219
 0.3381  126
 0.3431   77
 0.3481   56
 0.3531   32
 0.3581   26
 0.3631   33
 0.3681   29
 0.3731   29
 0.3781   32
 0.3831   37
 0.3881   45
 0.3931   40
 0.3981   33
 0.4031   39
 0.4081   49
 0.4131   42
 0.4181   35
 0.4231   31
 0.4281   37
 0.4331   44
 0.4381   37
 0.4431   42
 0.4481   49
 0.4531   63
 0.4581   87
 0.4631  112
 0.4681  152
 0.4731  201
 0.4781  292
 0.4831  387
 0.4881  507
 0.4931  630
 0.4981  780
 0.5031  945
 0.5081 1169
 0.5131 1262
 0.5181 1345
 0.5231 1328
 0.5281 1353
 0.5331 1328
 0.5381 1165
 0.5431 1004
 0.5481  865
 0.5531  705
 0.5581  543
 0.5631  407
 0.5681  270
 0.5731  196
 0.5781  158
 0.5831  103
 0.5881   54
 0.5931   53
 0.5981   26
 0.6031   23
 0.6081   16
 0.6131   24
 0.6181   30
 0.6231   30
 0.6281   26
 0.6331   13
 0.6381   27
 0.6431   26
 0.6481   20
 0.6531   27
 0.6581   31
 0.6631   22
 0.6681   27
 0.6731   24
 0.6781   23
 0.6831   27
 0.6881   30
 0.6931   44
 0.6981   26
 0.7031   26
 0.7081   35
 0.7131   31
 0.7181   31
 0.7231   41
 0.7281   41
 0.7331   31
 0.7381   35
 0.7431   31
 0.7481   33
 0.7531   48
 0.7581   37
 0.7631   35
 0.7681   42
 0.7731   35
 0.7781   48
 0.7831   33
 0.7881   30
 0.7931   57
 0.7981   42
 0.8031   46
 0.8081   46
 0.8131   38
 0.8181   42
 0.8231   43
 0.8281   52
 0.8331   36
 0.8381   67
 0.8431   35
 0.8481   36
 0.8531   46
 0.8581   33
 0.8631   41
 0.8681   43
 0.8731   44
 0.8781   60
 0.8831   48
 0.8881   47
 0.8931   47
 0.8981   39
 0.9031   62
 0.9081   57
 0.9131   59
 0.9181   32
 0.9231   39
 0.9281   51
 0.9331   56
 0.9381   58
 0.9431   70
 0.9481   45
 0.9531   57
 0.9581   53
 0.9631   56
 0.9681   60
 0.9731   67
 0.9781   62
 0.9831   63
 0.9881   62
 0.9931   66
 0.9981   79
 1.0031   64
 1.0081   68
 1.0131   59
 1.0181   87
 1.0231   74
 1.0281   86
 1.0331   82
 1.0381   83
 1.0431   94
 1.0481   73
 1.0531   74
 1.0581   69
 1.0631   77
 1.0681   75
 1.0731   82
 1.0781   85
 1.0831   58
 1.0881   86
 1.0931   84
 1.0981   78
 1.1031   61
 1.1081   74
 1.1131   74
 1.1181   70
 1.1231   75
 1.1281   74
 1.1331   63
 1.1381   92
 1.1431   64
 1.1481   95
 1.1531   83
 1.1581   63
 1.1631   67
 1.1681   86
 1.1731   95
 1.1781   95
 1.1831   91
 1.1881  104
 1.1931   96
 1.1981   93
 1.2031   87
 1.2081   88
 1.2131   89
 1.2181  103
 1.2231  120
 1.2281  129
 1.2331  107
 1.2381  113
 1.2431  148
 1.2481  137
 1.2531  125
 1.2581  152
 1.2631  129
 1.2681  142
 1.2731  134
 1.2781  141
 1.2831  134
 1.2881  127
 1.2931  125
 1.2981  116
 1.3031   94
 1.3081   87
 1.3131  111
 1.3181  108
 1.3231   93
 1.3281   93
 1.3331  112
 1.3381   85
 1.3431   90
 1.3481   95
 1.3531   83
 1.3581  106
 1.3631  112
 1.3681  103
 1.3731   91
 1.3781  106
 1.3831  111
 1.3881  110
 1.3931   86
 1.3981   90
 1.4031   99
 1.4081  110
 1.4131  124
 1.4181   95
 1.4231   90
 1.4281  105
 1.4331   99
 1.4381  106
 1.4431  125
 1.4481  110
 1.4531  110
 1.4581  109
 1.4631  107
 1.4681  135
 1.4731  119
 1.4781  102
 1.4831  111
 1.4881  121
 1.4931  114
 1.4981  126
 1.5031  139
 1.5081  113
 1.5131  117
 1.5181  124
 1.5231  112
 1.5281  121
 1.5331  127
 1.5381  110
 1.5431  103
 1.5481  110
 1.5531  118
 1.5581  115
 1.5631  111
 1.5681  122
 1.5731  107
 1.5781   97
 1.5831  103
 1.5881  121
 1.5931  121
 1.5981  103
 1.6031  111
 1.6081  109
 1.6131  101
 1.6181  121
 1.6231  102
 1.6281   95
 1.6331   89
 1.6381  113
 1.6431  126
 1.6481  120
 1.6531  117
 1.6581  128
 1.6631  138
 1.6681  141
 1.6731  161
 1.6781  169
 1.6831  170
 1.6881  187
 1.6931  219
 1.6981  253
 1.7031  278
 1.7081  283
 1.7131  316
 1.7181  342
 1.7231  379
 1.7281  388
 1.7331  406
 1.7381  411
 1.7431  412
 1.7481  441
 1.7531  446
 1.7581  424
 1.7631  397
 1.7681  367
 1.7731  320
 1.7781  300
 1.7831  261
 1.7881  240
 1.7931  227
 1.7981  212
 1.8031  177
 1.8081  172
 1.8131  151
 1.8181  139
 1.8231  137
 1.8281  138
 1.8331  137
 1.8381  121
 1.8431  107
 1.8481  117
 1.8531  114
 1.8581  109
 1.8631  116
 1.8681  121
 1.8731  120
 1.8781  126
 1.8831  123
 1.8881  111
 1.8931  109
 1.8981  115
 1.9031  116
 1.9081  120
 1.9131  111
 1.9181  101
 1.9231  112
 1.9281  113
 1.9331  107
 1.9381  111
 1.9431  120
 1.9481  126
 1.9531  129
 1.9581  137
 1.9631  149
 1.9681  162
 1.9731  161
 1.9781  164
 1.9831  176
 1.9881  186
 1.9931  213
 1.9981  198
 2.0031  195
 2.0081  218
 2.0131  213
 2.0181  209
 2.0231  206
 2.0281  210
 2.0331  213
 2.0381  207
 2.0431  188
 2.0481  175
 2.0531  170
 2.0581  173
 2.0631  160
 2.0681  136
 2.0731  132
 2.0781  128
 2.0831  119
 2.0881  112
 2.0931  114
 2.0981  117
 2.1031  112
 2.1081  110
 2.1131  108
 2.1181  110
 2.1231  111
 2.1281  106
 2.1331  115
 2.1381  115
 2.1431  112
 2.1481  117
 2.1531  107
 2.1581  105
 2.1631  105
 2.1681   96
 2.1731  104
 2.1781  106
 2.1831  101
 2.1881  103
 2.1931  104
 2.1981  104
 2.2031  108
 2.2081  106
 2.2131  104
 2.2181  119
 2.2231  122
 2.2281  126
 2.2331  123
 2.2381  139
 2.2431  144
 2.2481  141
 2.2531  171
 2.2581  206
 2.2631  214
 2.2681  243
 2.2731  242
 2.2781  240
 2.2831  248
 2.2881  305
 2.2931  313
 2.2981  291
 2.3031  301
 2.3081  310
 2.3131  324
 2.3181  304
 2.3231  305
 2.3281  291
 2.3331  287
 2.3381  293
 2.3431  260
 2.3481  238
 2.3531  211
 2.3581  189
 2.3631  176
 2.3681  163
 2.3731  159
 2.3781  146
 2.3831  130
 2.3881  120
 2.3931  112
 2.3981  120
 2.4031  111
 2.4081  115
 2.4131  120
 2.4181  123
 2.4231  113
 2.4281  120
 2.4331  101
 2.4381  123
 2.4431  122
 2.4481  119
 2.4531  125
 2.4581  117
 2.4631  120
 2.4681  111
 2.4731  121
 2.4781  120
 2.4831  126
 2.4881  122
 2.4931  109
 2.4981  117
 2.5031  112
 2.5081  100
 2.5131  133
 2.5181  127
 2.5231  141
 2.5281  153
 2.5331  163
 2.5381  161
 2.5431  173
 2.5481  196
 2.5531  228
 2.5581  256
 2.5631  291
 2.5681  310
 2.5731  371
 2.5781  427
 2.5831  477
 2.5881  522
 2.5931  571
 2.5981  611
 2.6031  645
 2.6081  684
 2.6131  760
 2.6181  736
 2.6231  738
 2.6281  749
 2.6331  717
 2.6381  681
 2.6431  624
 2.6481  633
 2.6531  529
 2.6581  509
 2.6631  502
 2.6681  466
 2.6731  382
 2.6781  339
 2.6831  297
 2.6881  241
 2.6931  244
 2.6981  198
 2.7031  181
 2.7081  157
 2.7131  136
 2.7181  126
 2.7231  124
 2.7281  129
 2.7331  116
 2.7381  117
 2.7431  114
 2.7481   94
 2.7531  113
 2.7581  116
 2.7631  123
 2.7681  135
 2.7731  122
 2.7781  134
 2.7831  155
 2.7881  129
 2.7931  146
 2.7981  145
 2.8031  151
 2.8081  162
 2.8131  142
 2.8181  155
 2.8231  135
 2.8281  154
 2.8331  152
 2.8381  135
 2.8431  141
 2.8481  139
 2.8531  132
 2.8581  136
 2.8631  118
 2.8681  107
 2.8731  115
 2.8781  110
 2.8831  116
 2.8881  101
 2.8931   94
 2.8981  107
 2.9031  108
 2.9081   80
 2.9131   76
 2.9181   89
 2.9231   96
 2.9281   92
 2.9331   98
 2.9381  108
 2.9431   88
 2.9481   91
 2.9531   91
 2.9581   80
 2.9631   93
 2.9681   80
 2.9731   77
 2.9781   84
 2.9831   85
 2.9881   91
 2.9931   90
 2.9981   95
 3.0031   88
 3.0081   80
 3.0131   81
 3.0181   74
 3.0231   68
 3.0281   66
 3.0331   93
 3.0381   93
 3.0431   82
 3.0481   76
 3.0531   91
 3.0581   78
 3.0631   84
 3.0681   73
 3.0731   82
 3.0781   76
 3.0831   96
 3.0881   88
 3.0931   87
 3.0981  101
 3.1031   69
 3.1081   78
 3.1131   85
 3.1181   73
 3.1231   96
 3.1281   90
 3.1331  106
 3.1381   98
 3.1431   87
 3.1481   85
 3.1531   88
 3.1581   91
 3.1631   85
 3.1681   98
 3.1731   93
 3.1781   87
 3.1831  101
 3.1881  129
 3.1931  146
 3.1981  128
 3.2031  152
 3.2081  175
 3.2131  207
 3.2181  216
 3.2231  272
 3.2281  342
 3.2331  382
 3.2381  459
 3.2431  555
 3.2481  658
 3.2531  805
 3.2581  868
 3.2631 1039
 3.2681 1172
 3.2731 1269
 3.2781 1389
 3.2831 1502
 3.2881 1652
 3.2931 1696
 3.2981 1787
 3.3031 1844
 3.3081 1784
 3.3131 1909
 3.3181 1934
 3.3231 1851
 3.3281 1798
 3.3331 1700
 3.3381 1635
 3.3431 1514
 3.3481 1421
 3.3531 1277
 3.3581 1133
 3.3631 1016
 3.3681  895
 3.3731  749
 3.3781  697
 3.3831  563
 3.3881  483
 3.3931  414
 3.3981  322
 3.4031  267
 3.4081  220
 3.4131  184
 3.4181  185
 3.4231  159
 3.4281  152
 3.4331  130
 3.4381  103
 3.4431   95
 3.4481   88
 3.4531   89
 3.4581   88
 3.4631   94
 3.4681   91
 3.4731   83
 3.4781   98
 3.4831   97
 3.4881  102
 3.4931   97
 3.4981  112
 3.5031  112
 3.5081  124
 3.5131  126
 3.5181  151
 3.5231  126
 3.5281  155
 3.5331  154
 3.5381  181
 3.5431  207
 3.5481  220
 3.5531  264
 3.5581  251
 3.5631  255
 3.5681  247
 3.5731  253
 3.5781  275
 3.5831  282
 3.5881  286
 3.5931  291
 3.5981  251
 3.6031  298
 3.6081  298
 3.6131  262
 3.6181  250
 3.6231  254
 3.6281  254
 3.6331  244
 3.6381  237
 3.6431  265
 3.6481  199
 3.6531  212
 3.6581  202
 3.6631  191
 3.6681  198
 3.6731  178
 3.6781  186
 3.6831  178
 3.6881  189
 3.6931  155
 3.6981  161
 3.7031  155
 3.7081  175
 3.7131  171
 3.7181  168
 3.7231  136
 3.7281  128
 3.7331  166
 3.7381  152
 3.7431  121
 3.7481  104
 3.7531  117
 3.7581   96
 3.7631   84
 3.7681   88
 3.7731   73
 3.7781   74
 3.7831   84
 3.7881   71
 3.7931   80
 3.7981   68
 3.8031   82
 3.8081   65
 3.8131   54
 3.8181   62
 3.8231   68
 3.8281   68
 3.8331   54
 3.8381   62
 3.8431   80
 3.8481   74
 3.8531   53
 3.8581   57
 3.8631   70
 3.8681   63
 3.8731   64
 3.8781   61
 3.8831   65
 3.8881   53
 3.8931   58
 3.8981   59
 3.9031   61
 3.9081   66
 3.9131   76
 3.9181   56
 3.9231   72
 3.9281   63
 3.9331   66
 3.9381   59
 3.9431   71
 3.9481   69
 3.9531   66
 3.9581   63
 3.9631   61
 3.9681   80
 3.9731   69
 3.9781   77
 3.9831   68
 3.9881   72
 3.9931   78
 3.9981   67
 4.0031   70
 4.0081   65
 4.0131   72
 4.0181   66
 4.0231   72
 4.0281   81
 4.0331   67
 4.0381   69
 4.0431   86
 4.0481   70
 4.0531   60
 4.0581   62
 4.0631   64
 4.0681   63
 4.0731   68
 4.0781   70
 4.0831   48
 4.0881   60
 4.0931   58
 4.0981   72
 4.1031   77
 4.1081   65
 4.1131   52
 4.1181   54
 4.1231   54
 4.1281   60
 4.1331   60
 4.1381   51
 4.1431   64
 4.1481   62
 4.1531   56
 4.1581   58
 4.1631   66
 4.1681   53
 4.1731   56
 4.1781   50
 4.1831   63
 4.1881   58
 4.1931   64
 4.1981   61
 4.2031   57
 4.2081   64
 4.2131   58
 4.2181   52
 4.2231   52
 4.2281   47
 4.2331   52
 4.2381   59
 4.2431   68
 4.2481   61
 4.2531   54
 4.2581   57
 4.2631   50
 4.2681   55
 4.2731   60
 4.2781   59
 4.2831   54
 4.2881   59
 4.2931   57
 4.2981   60
 4.3031   50
 4.3081   49
 4.3131   48
 4.3181   55
 4.3231   60
 4.3281   65
 4.3331   56
 4.3381   54
 4.3431   54
 4.3481   46
 4.3531   55
 4.3581   59
 4.3631   57
 4.3681   43
 4.3731   47
 4.3781   48
 4.3831   49
 4.3881   51
 4.3931   54
 4.3981   45
 4.4031   54
 4.4081   56
 4.4131   56
 4.4181   50
 4.4231   55
 4.4281   60
 4.4331   53
 4.4381   52
 4.4431   55
 4.4481   55
 4.4531   57
 4.4581   67
 4.4631   53
 4.4681   42
 4.4731   44
 4.4781   49
 4.4831   55
 4.4881   54
 4.4931   52
 4.4981   57
 4.5031   50
 4.5081   57
 4.5131   58
 4.5181   63
 4.5231   59
 4.5281   44
 4.5331   53
 4.5381   50
 4.5431   43
 4.5481   52
 4.5531   44
 4.5581   39
 4.5631   50
 4.5681   48
 4.5731   53
 4.5781   59
 4.5831   59
 4.5881   56
 4.5931   53
 4.5981   57
 4.6031   57
 4.6081   52
 4.6131   49
 4.6181   43
 4.6231   46
 4.6281   55
 4.6331   50
 4.6381   46
 4.6431   48
 4.6481   47
 4.6531   51
 4.6581   48
 4.6631   43
 4.6681   44
 4.6731   45
 4.6781   55
 4.6831   54
 4.6881   49
 4.6931   45
 4.6981   43
 4.7031   48
 4.7081   43
 4.7131   44
 4.7181   46
 4.7231   46
 4.7281   56
 4.7331   52
 4.7381   41
 4.7431   53
 4.7481   56
 4.7531   50
 4.7581   50
 4.7631   50
 4.7681   57
 4.7731   54
 4.7781   46
 4.7831   46
 4.7881   47
 4.7931   51
 4.7981   58
 4.8031   58
 4.8081   45
 4.8131   47
 4.8181   55
 4.8231   49
 4.8281   50
 4.8331   46
 4.8381   45
 4.8431   51
 4.8481   45
 4.8531   41
 4.8581   45
 4.8631   51
 4.8681   56
 4.8731   55
 4.8781   48
 4.8831   46
 4.8881   50
 4.8931   52
 4.8981   47
 4.9031   47
 4.9081   53
 4.9131   49
 4.9181   48
 4.9231   47
 4.9281   44
 4.9331   44
 4.9381   42
 4.9431   50
 4.9481   45
 4.9531   41
 4.9581   45
 4.9631   45
 4.9681   49
 4.9731   51
 4.9781   54
 4.9831   49
 4.9881   40
 4.9931   36
 4.9981   39
 5.0031   43
 5.0081   41
 5.0131   40
 5.0181   44
 5.0231   47
 5.0281   41
 5.0331   41
 5.0381   39
 5.0431   37
 5.0481   49
 5.0531   50
 5.0581   43
 5.0631   48
 5.0681   55
 5.0731   49
 5.0781   51
 5.0831   56
 5.0881   43
 5.0931   43
 5.0981   50
 5.1031   52
 5.1081   47
 5.1131   52
 5.1181   52
 5.1231   48
 5.1281   44
 5.1331   47
 5.1381   40
 5.1431   44
 5.1481   46
 5.1531   42
 5.1581   41
 5.1631   32
 5.1681   40
 5.1731   54
 5.1781   49
 5.1831   34
 5.1881   43
 5.1931   37
 5.1981   39
 5.2031   50
 5.2081   48
 5.2131   42
 5.2181   41
 5.2231   41
 5.2281   41
 5.2331   39
 5.2381   42
 5.2431   41
 5.2481   41
 5.2531   50
 5.2581   42
 5.2631   38
 5.2681   46
 5.2731   49
 5.2781   47
 5.2831   45
 5.2881   40
 5.2931   36
 5.2981   38
 5.3031   38
 5.3081   43
 5.3131   40
 5.3181   39
 5.3231   37
 5.3281   43
 5.3331   39
 5.3381   36
 5.3431   36
 5.3481   41
 5.3531   44
 5.3581   52
 5.3631   41
 5.3681   34
 5.3731   36
 5.3781   35
 5.3831   44
 5.3881   34
 5.3931   40
 5.3981   32
 5.4031   41
 5.4081   59
 5.4131   43
 5.4181   33
 5.4231   42
 5.4281   43
 5.4331   40
 5.4381   50
 5.4431   51
 5.4481   37
 5.4531   42
 5.4581   38
 5.4631   38
 5.4681   42
 5.4731   42
 5.4781   30
 5.4831   34
 5.4881   43
 5.4931   43
 5.4981   44
 5.5031   38
 5.5081   44
 5.5131   36
 5.5181   33
 5.5231   47
 5.5281   50
 5.5331   38
 5.5381   29
 5.5431   39
 5.5481   43
 5.5531   32
 5.5581   42
 5.5631   43
 5.5681   44
 5.5731   47
 5.5781   32
 5.5831   42
 5.5881   47
 5.5931   36
 5.5981   36
 5.6031   46
 5.6081   42
 5.6131   38
 5.6181   34
 5.6231   43
 5.6281   30
 5.6331   42
 5.6381   47
 5.6431   46
 5.6481   34
 5.6531   34
 5.6581   36
 5.6631   33
 5.6681   45
 5.6731   30
 5.6781   34
 5.6831   36
 5.6881   50
 5.6931   46
 5.6981   45
 5.7031   35
 5.7081   46
 5.7131   33
 5.7181   35
 5.7231   33
 5.7281   30
 5.7331   43
 5.7381   45
 5.7431   46
 5.7481   47
 5.7531   41
 5.7581   50
 5.7631   35
 5.7681   36
 5.7731   42
 5.7781   50
 5.7831   40
 5.7881   34
 5.7931   39
 5.7981   29
 5.8031   37
 5.8081   42
 5.8131   33
 5.8181   44
 5.8231   35
 5.8281   37
 5.8331   43
 5.8381   43
 5.8431   34
 5.8481   42
 5.8531   36
 5.8581   38
 5.8631   38
 5.8681   45
 5.8731   40
 5.8781   43
 5.8831   36
 5.8881   40
 5.8931   38
 5.8981   35
 5.9031   40
 5.9081   46
 5.9131   32
 5.9181   29
 5.9231   33
 5.9281   33
 5.9331   40
 5.9381   43
 5.9431   28
 5.9481   36
 5.9531   33
 5.9581   35
 5.9631   35
 5.9681   42
 5.9731   54
 5.9781   45
 5.9831   41
 5.9881   32
 5.9931   35
 5.9981   48
 6.0031   32
 6.0081   40
 6.0131   34
 6.0181   36
 6.0231   36
 6.0281   42
 6.0331   32
 6.0381   32
 6.0431   43
 6.0481   27
 6.0531   32
 6.0581   36
 6.0631   31
 6.0681   35
 6.0731   35
 6.0781   53
 6.0831   31
 6.0881   40
 6.0931   33
 6.0981   44
 6.1031   41
 6.1081   29
 6.1131   35
 6.1181   40
 6.1231   35
 6.1281   37
 6.1331   40
 6.1381   36
 6.1431   30
 6.1481   38
 6.1531   29
 6.1581   34
 6.1631   32
 6.1681   36
 6.1731   26
 6.1781   40
 6.1831   37
 6.1881   41
 6.1931   32
 6.1981   33
 6.2031   44
 6.2081   37
 6.2131   34
 6.2181   28
 6.2231   34
 6.2281   39
 6.2331   38
 6.2381   26
 6.2431   27
 6.2481   27
 6.2531   36
 6.2581   21
 6.2631   37
 6.2681   43
 6.2731   35
 6.2781   34
 6.2831   20
 6.2881   27
 6.2931   32
 6.2981   39
 6.3031   44
 6.3081   29
 6.3131   32
 6.3181   33
 6.3231   30
 6.3281   35
 6.3331   30
 6.3381   35
 6.3431   44
 6.3481   42
 6.3531   37
 6.3581   30
 6.3631   42
 6.3681   38
 6.3731   36
 6.3781   39
 6.3831   48
 6.3881   40
 6.3931   38
 6.3981   39
 6.4031   32
 6.4081   43
 6.4131   44
 6.4181   30
 6.4231   34
 6.4281   32
 6.4331   30
 6.4381   32
 6.4431   29
 6.4481   44
 6.4531   34
 6.4581   39
 6.4631   37
 6.4681   43
 6.4731   45
 6.4781   32
 6.4831   38
 6.4881   40
 6.4931   33
 6.4981   38
 6.5031   32
 6.5081   38
 6.5131   24
 6.5181   36
 6.5231   35
 6.5281   31
 6.5331   33
 6.5381   36
 6.5431   32
 6.5481   32
 6.5531   26
 6.5581   28
 6.5631   34
 6.5681   28
 6.5731   32
 6.5781   44
 6.5831   20
 6.5881   34
 6.5931   29
 6.5981   42
 6.6031   34
 6.6081   27
 6.6131   31
 6.6181   28
 6.6231   34
 6.6281   31
 6.6331   27
 6.6381   31
 6.6431   28
 6.6481   32
 6.6531   26
 6.6581   28
 6.6631   16
 6.6681   25
 6.6731   31
 6.6781   37
 6.6831   35
 6.6881   34
 6.6931   33
 6.6981   29
 6.7031   33
 6.7081   49
 6.7131   26
 6.7181   30
 6.7231   31
 6.7281   18
 6.7331   34
 6.7381   34
 6.7431   30
 6.7481   26
 6.7531   34
 6.7581   21
 6.7631   41
 6.7681   30
 6.7731   27
 6.7781   32
 6.7831   26
 6.7881   29
 6.7931   32
 6.7981   35
 6.8031   27
 6.8081   19
 6.8131   48
 6.8181   30
 6.8231   21
 6.8281   29
 6.8331   34
 6.8381   40
 6.8431   32
 6.8481   27
 6.8531   37
 6.8581   29
 6.8631   35
 6.8681   31
 6.8731   31
 6.8781   22
 6.8831   24
 6.8881   29
 6.8931   30
 6.8981   37
 6.9031   41
 6.9081   27
 6.9131   37
 6.9181   25
 6.9231   25
 6.9281   29
 6.9331   29
 6.9381   39
 6.9431   21
 6.9481   27
 6.9531   25
 6.9581   38
 6.9631   35
 6.9681   26
 6.9731   36
 6.9781   28
 6.9831   22
 6.9881   37
 6.9931   26
 6.9981   37
 7.0031   30
 7.0081   31
 7.0131   34
 7.0181   25
 7.0231   28
 7.0281   40
 7.0331   30
 7.0381   29
 7.0431   29
 7.0481   24
 7.0531   32
 7.0581   23
 7.0631   26
 7.0681   41
 7.0731   32
 7.0781   29
 7.0831   22
 7.0881   27
 7.0931   25
 7.0981   30
 7.1031   20
 7.1081   21
 7.1131   31
 7.1181   29
 7.1231   19
 7.1281   36
 7.1331   19
 7.1381   37
 7.1431   21
 7.1481   27
 7.1531   21
 7.1581   26
 7.1631   34
 7.1681   27
 7.1731   30
 7.1781   19
 7.1831   27
 7.1881   25
 7.1931   26
 7.1981   28
 7.2031   25
 7.2081   28
 7.2131   25
 7.2181   31
 7.2231   34
 7.2281   22
 7.2331   39
 7.2381   28
 7.2431   18
 7.2481   39
 7.2531   25
 7.2581   29
 7.2631   31
 7.2681   40
 7.2731   28
 7.2781   28
 7.2831   23
 7.2881   30
 7.2931   30
 7.2981   24
 7.3031   26
 7.3081   23
 7.3131   26
 7.3181   35
 7.3231   24
 7.3281   22
 7.3331   32
 7.3381   26
 7.3431   30
 7.3481   26
 7.3531   24
 7.3581   32
 7.3631   23
 7.3681   31
 7.3731   24
 7.3781   39
 7.3831   41
 7.3881   34
 7.3931   28
 7.3981   25
 7.4031   30
 7.4081   23
 7.4131   32
 7.4181   45
 7.4231   31
 7.4281   38
 7.4331   37
 7.4381   43
 7.4431   27
 7.4481   18
 7.4531   30
 7.4581   29
 7.4631   22
 7.4681   24
 7.4731   29
 7.4781   24
 7.4831   38
 7.4881   31
 7.4931   36
 7.4981   28
 7.5031   31
 7.5081   31
 7.5131   26
 7.5181   28
 7.5231   31
 7.5281   28
 7.5331   36
 7.5381   22
 7.5431   31
 7.5481   33
 7.5531   36
 7.5581   17
 7.5631   23
 7.5681   29
 7.5731   22
 7.5781   21
 7.5831   21
 7.5881   39
 7.5931   31
 7.5981   33
 7.6031   25
 7.6081   25
 7.6131   29
 7.6181   23
 7.6231   30
 7.6281   29
 7.6331   22
 7.6381   31
 7.6431   32
 7.6481   25
 7.6531   28
 7.6581   25
 7.6631   25
 7.6681   28
 7.6731   41
 7.6781   25
 7.6831   26
 7.6881   26
 7.6931   18
 7.6981   21
 7.7031   37
 7.7081   18
 7.7131   22
 7.7181   25
 7.7231   19
 7.7281   24
 7.7331   27
 7.7381   20
 7.7431   28
 7.7481   31
 7.7531   24
 7.7581   22
 7.7631   17
 7.7681   26
 7.7731   31
 7.7781   21
 7.7831   23
 7.7881   27
 7.7931   26
 7.7981   29
 7.8031   28
 7.8081   18
 7.8131   23
 7.8181   23
 7.8231   26
 7.8281   28
 7.8331   27
 7.8381   28
 7.8431   26
 7.8481   29
 7.8531   29
 7.8581   31
 7.8631   25
 7.8681   29
 7.8731   18
 7.8781   18
 7.8831   15
 7.8881   27
 7.8931   30
 7.8981   23
 7.9031   31
 7.9081   20
 7.9131   33
 7.9181   19
 7.9231   25
 7.9281   24
 7.9331   35
 7.9381   23
 7.9431   33
 7.9481   33
 7.9531   27
 7.9581   30
 7.9631   25
 7.9681   31
 7.9731   32
 7.9781   36
 7.9831   22
 7.9881   26
 7.9931   30
 7.9981   36
 8.0031   25
 8.0081   33
 8.0131   30
 8.0181   26
 8.0231   39
 8.0281   36
 8.0331   27
 8.0381   36
 8.0431   30
 8.0481   37
 8.0531   32
 8.0581   36
 8.0631   35
 8.0681   32
 8.0731   31
 8.0781   28
 8.0831   37
 8.0881   35
 8.0931   29
 8.0981   24
 8.1031   30
 8.1081   24
 8.1131   27
 8.1181   21
 8.1231   17
 8.1281   23
 8.1331   29
 8.1381   24
 8.1431   15
 8.1481   27
 8.1531   24
 8.1581   26
 8.1631   27
 8.1681   17
 8.1731   19
 8.1781   23
 8.1831   21
 8.1881   29
 8.1931   17
 8.1981   25
 8.2031   14
 8.2081   26
 8.2131   14
 8.2181   20
 8.2231   24
 8.2281   21
 8.2331   20
 8.2381   26
 8.2431   16
 8.2481   26
 8.2531   18
 8.2581   27
 8.2631   22
 8.2681   21
 8.2731   21
 8.2781   20
 8.2831   27
 8.2881   20
 8.2931   25
 8.2981   26
 8.3031   26
 8.3081   28
 8.3131   25
 8.3181   21
 8.3231   22
 8.3281   21
 8.3331   25
 8.3381   20
 8.3431   13
 8.3481   26
 8.3531   27
 8.3581   21
 8.3631   17
 8.3681   25
 8.3731   28
 8.3781   21
 8.3831   22
 8.3881   22
 8.3931   20
 8.3981   23
 8.4031   28
 8.4081   26
 8.4131   27
 8.4181   24
 8.4231   12
 8.4281   21
 8.4331   19
 8.4381   19
 8.4431   23
 8.4481   17
 8.4531   27
 8.4581   19
 8.4631   16
 8.4681   23
 8.4731   22
 8.4781   23
 8.4831   16
 8.4881   22
 8.4931   16
 8.4981   30
 8.5031   26
 8.5081   24
 8.5131   23
 8.5181   22
 8.5231   23
 8.5281   26
 8.5331   27
 8.5381   25
 8.5431   22
 8.5481   16
 8.5531   21
 8.5581   18
 8.5631   30
 8.5681   19
 8.5731   24
 8.5781   26
 8.5831   20
 8.5881   26
 8.5931   24
 8.5981   22
 8.6031   30
 8.6081   27
 8.6131   30
 8.6181   22
 8.6231   23
 8.6281   24
 8.6331   22
 8.6381   21
 8.6431   27
 8.6481   24
 8.6531   17
 8.6581   18
 8.6631   20
 8.6681   24
 8.6731   29
 8.6781   22
 8.6831   22
 8.6881   18
 8.6931   27
 8.6981   24
 8.7031   21
 8.7081   25
 8.7131   18
 8.7181   12
 8.7231   20
 8.7281   24
 8.7331   28
 8.7381   18
 8.7431   26
 8.7481   22
 8.7531   22
 8.7581   22
 8.7631   25
 8.7681   15
 8.7731   29
 8.7781   22
 8.7831   24
 8.7881   18
 8.7931   19
 8.7981   20
 8.8031   20
 8.8081   16
 8.8131   18
 8.8181   23
 8.8231   19
 8.8281   14
 8.8331   20
 8.8381   20
 8.8431   32
 8.8481   22
 8.8531   27
 8.8581   24
 8.8631   28
 8.8681   17
 8.8731   16
 8.8781   18
 8.8831   18
 8.8881   23
 8.8931   24
 8.8981   22
 8.9031   20
 8.9081   28
 8.9131   23
 8.9181   26
 8.9231   26
 8.9281   16
 8.9331   18
 8.9381   16
 8.9431   14
 8.9481   22
 8.9531   24
 8.9581   23
 8.9631   24
 8.9681   25
 8.9731   20
 8.9781   15
 8.9831   19
 8.9881   26
 8.9931   16
 8.9981   17
 9.0031   21
 9.0081   16
 9.0131   17
 9.0181   10
 9.0231   17
 9.0281   23
 9.0331   23
 9.0381   22
 9.0431   24
 9.0481   15
 9.0531   25
 9.0581   20
 9.0631   17
 9.0681   17
 9.0731   15
 9.0781   20
 9.0831   23
 9.0881   22
 9.0931   12
 9.0981   26
 9.1031   22
 9.1081   14
 9.1131   21
 9.1181   20
 9.1231   21
 9.1281   22
 9.1331   22
 9.1381   15
 9.1431   17
 9.1481   16
 9.1531   20
 9.1581   20
 9.1631   16
 9.1681   15
 9.1731   21
 9.1781   19
 9.1831   18
 9.1881   12
 9.1931   22
 9.1981   12
 9.2031   23
 9.2081   13
 9.2131   22
 9.2181   22
 9.2231   24
 9.2281   20
 9.2331   11
 9.2381   19
 9.2431   17
 9.2481   18
 9.2531   19
 9.2581   22
 9.2631   19
 9.2681   13
 9.2731   18
 9.2781   16
 9.2831   22
 9.2881   20
 9.2931   21
 9.2981   18
 9.3031   22
 9.3081   23
 9.3131   21
 9.3181   18
 9.3231   18
 9.3281   19
 9.3331   16
 9.3381   17
 9.3431   16
 9.3481   18
 9.3531   14
 9.3581   17
 9.3631   15
 9.3681   17
 9.3731   17
 9.3781   22
 9.3831   15
 9.3881   20
 9.3931   16
 9.3981   22
 9.4031   16
 9.4081   15
 9.4131   14
 9.4181   15
 9.4231   17
 9.4281   17
 9.4331   16
 9.4381   15
 9.4431   20
 9.4481   24
 9.4531   18
 9.4581   20
 9.4631   22
 9.4681   15
 9.4731   22
 9.4781   13
 9.4831   20
 9.4881   14
 9.4931   22
 9.4981   23
 9.5031   17
 9.5081   18
 9.5131   18
 9.5181   15
 9.5231   19
 9.5281   21
 9.5331   25
 9.5381   14
 9.5431   16
 9.5481   19
 9.5531   14
 9.5581   18
 9.5631   11
 9.5681   17
 9.5731   20
 9.5781   19
 9.5831   16
 9.5881   15
 9.5931   13
 9.5981   17
 9.6031   19
 9.6081   24
 9.6131   15
 9.6181   20
 9.6231   21
 9.6281   25
 9.6331   17
 9.6381   15
 9.6431   12
 9.6481   23
 9.6531    8
 9.6581   17
 9.6631   23
 9.6681   26
 9.6731   17
 9.6781   21
 9.6831   16
 9.6881   22
 9.6931   20
 9.6981   19
 9.7031   28
 9.7081   16
 9.7131   17
 9.7181   17
 9.7231   23
 9.7281   22
 9.7331   17
 9.7381   20
 9.7431   20
 9.7481   15
 9.7531   17
 9.7581   15
 9.7631   15
 9.7681   11
 9.7731   24
 9.7781   15
 9.7831   23
 9.7881   13
 9.7931   18
 9.7981   12
 9.8031   16
 9.8081   23
 9.8131   21
 9.8181   11
 9.8231   15
 9.8281   16
 9.8331   17
 9.8381   25
 9.8431   17
 9.8481   19
 9.8531   18
 9.8581   22
 9.8631   21
 9.8681   21
 9.8731   12
 9.8781   16
 9.8831   24
 9.8881   13
 9.8931   12
 9.8981   16
 9.9031   21
 9.9081   16
 9.9131   21
 9.9181   15
 9.9231   19
 9.9281   14
 9.9331   12
 9.9381   15
 9.9431   16
 9.9481   16
 9.9531   11
 9.9581   18
 9.9631   14
 9.9681   19
 9.9731   16
 9.9781   17
 9.9831   17
 9.9881   20
 9.9931   21
 9.9981   19
10.0031   18
10.0081   20
10.0131   10
10.0181   18
10.0231   22
10.0281   12
10.0331   18
10.0381   20
10.0431   20
10.0481   18
10.0531   20
10.0581   18
10.0631   17
10.0681   23
10.0731   21
10.0781   21
10.0831   18
10.0881   17
10.0931    9
10.0981   11
10.1031   16
10.1081   19
10.1131   14
10.1181   17
10.1231   11
10.1281   18
10.1331   17
10.1381   20
10.1431   10
10.1481   10
10.1531   17
10.1581    9
10.1631   13
10.1681   16
10.1731   15
10.1781   22
10.1831   15
10.1881   10
10.1931   15
10.1981   13
10.2031   20
10.2081   15
10.2131   16
10.2181   17
10.2231   22
10.2281   15
10.2331   17
10.2381   14
10.2431   19
10.2481    8
10.2531   17
10.2581   12
10.2631   16
10.2681   15
10.2731   18
10.2781    9
10.2831   16
10.2881   16
10.2931   12
10.2981   24
10.3031   13
10.3081   15
10.3131   15
10.3181   13
10.3231   15
10.3281   13
10.3331    8
10.3381   22
10.3431   17
10.3481    9
10.3531   15
10.3581   22
10.3631   12
10.3681   20
10.3731   18
10.3781   16
10.3831   12
10.3881   15
10.3931   19
10.3981   11
10.4031   10
10.4081   14
10.4131   11
10.4181   12
10.4231   20
10.4281   18
10.4331   24
10.4381   17
10.4431   17
10.4481   11
10.4531   12
10.4581   14
10.4631   15
10.4681   15
10.4731   19
10.4781   16
10.4831   17
10.4881   12
10.4931   12
10.4981   10
10.5031   19
10.5081   18
10.5131   17
10.5181   18
10.5231   16
10.5281   10
10.5331   10
10.5381   16
10.5431   12
10.5481   15
10.5531   19
10.5581   17
10.5631   16
10.5681   17
10.5731   23
10.5781   16
10.5831   12
10.5881   15
10.5931   15
10.5981   11
10.6031   16
10.6081   14
10.6131    7
10.6181   12
10.6231   14
10.6281   12
10.6331    8
10.6381   13
10.6431   15
10.6481   12
10.6531   13
10.6581   17
10.6631   14
10.6681   17
10.6731   18
10.6781    7
10.6831   20
10.6881   14
10.6931   12
10.6981   13
10.7031   22
10.7081   15
10.7131   19
10.7181   18
10.7231   18
10.7281    9
10.7331   10
10.7381   18
10.7431   16
10.7481   14
10.7531   12
10.7581   14
10.7631    8
10.7681   14
10.7731   20
10.7781   15
10.7831   11
10.7881   17
10.7931   12
10.7981   12
10.8031   16
10.8081   17
10.8131   16
10.8181   12
10.8231   14
10.8281   11
10.8331   19
10.8381   13
10.8431   13
10.8481   14
10.8531   15
10.8581   16
10.8631   13
10.8681   13
10.8731   20
10.8781   11
10.8831   14
10.8881   13
10.8931   15
10.8981   24
10.9031    9
10.9081   15
10.9131   11
10.9181   10
10.9231   11
10.9281    7
10.9331    6
10.9381   13
10.9431   15
10.9481    9
10.9531   14
10.9581   16
10.9631   15
10.9681   16
10.9731   16
10.9781   18
10.9831   16
10.9881   11
10.9931   14
10.9981   13
11.0031   15
11.0081    9
11.0131   13
11.0181   18
11.0231   15
11.0281   12
11.0331   19
11.0381   17
11.0431    8
11.0481   19
11.0531   15
11.0581   15
11.0631   10
11.0681   15
11.0731    7
11.0781   15
11.0831   16
11.0881   12
11.0931   11
11.0981   12
11.1031    9
11.1081   17
11.1131   17
11.1181   10
11.1231   12
11.1281   13
11.1331   14
11.1381   13
11.1431    9
11.1481   13
11.1531   17
11.1581   11
11.1631   18
11.1681   10
11.1731   14
11.1781   20
11.1831   18
11.1881   10
11.1931   12
11.1981   14
11.2031   20
11.2081   12
11.2131   14
11.2181   10
11.2231   14
11.2281   10
11.2331    8
11.2381   12
11.2431   14
11.2481    9
11.2531   17
11.2581   12
11.2631   10
11.2681   22
11.2731   11
11.2781   12
11.2831   12
11.2881   11
11.2931   14
11.2981   10
11.3031    6
11.3081   16
11.3131    8
11.3181   19
11.3231   19
11.3281   14
11.3331   11
11.3381   13
11.3431   15
11.3481   13
11.3531   12
11.3581   14
11.3631   15
11.3681   10
11.3731   10
11.3781   15
11.3831   11
11.3881    9
11.3931   15
11.3981    8
11.4031   15
11.4081   16
11.4131    8
11.4181    9
11.4231   12
11.4281   10
11.4331   12
11.4381   20
11.4431   17
11.4481   10
11.4531    3
11.4581   21
11.4631   18
11.4681   11
11.4731    5
11.4781   11
11.4831    9
11.4881   15
11.4931   16
11.4981   11
11.5031   14
11.5081   15
11.5131   11
11.5181   14
11.5231   20
11.5281    9
11.5331   12
11.5381   11
11.5431   11
11.5481   16
11.5531   14
11.5581   11
11.5631    6
11.5681    9
11.5731   11
11.5781   11
11.5831   18
11.5881   10
11.5931   13
11.5981   12
11.6031   11
11.6081   11
11.6131   11
11.6181   15
11.6231   11
11.6281   12
11.6331   12
11.6381   12
11.6431    6
11.6481   11
11.6531   13
11.6581   11
11.6631    8
11.6681   17
11.6731    9
11.6781   10
11.6831   10
11.6881   15
11.6931   11
11.6981    8
11.7031   12
11.7081    9
11.7131   13
11.7181   11
11.7231   16
11.7281    7
11.7331    5
11.7381   18
11.7431    8
11.7481    9
11.7531   13
11.7581    8
11.7631   14
11.7681    9
11.7731    6
11.7781    5
11.7831   15
11.7881    9
11.7931   13
11.7981   19
11.8031   10
11.8081    9
11.8131   10
11.8181    6
11.8231   11
11.8281   13
11.8331   12
11.8381    8
11.8431    7
11.8481   16
11.8531   11
11.8581   11
11.8631   10
11.8681   16
11.8731    5
11.8781   12
11.8831   11
11.8881    9
11.8931    5
11.8981    6
11.9031   12
11.9081   10
11.9131    6
11.9181   10
11.9231   10
11.9281    9
11.9331   17
11.9381   10
11.9431   11
11.9481    2
11.9531   13
11.9581   12
11.9631   11
11.9681   17
11.9731   14
11.9781   13
11.9831   13
11.9881    8
11.9931   19
11.9981   16
12.0031    8
12.0081   16
12.0131    9
12.0181   10
12.0231    9
12.0281    9
12.0331    7
12.0381   17
12.0431   10
12.0481    7
12.0531   13
12.0581   13
12.0631    7
12.0681   12
12.0731   15
12.0781   11
12.0831   17
12.0881   13
12.0931    9
12.0981   12
12.1031    6
12.1081    9
12.1131    9
12.1181    7
12.1231    6
12.1281   10
12.1331   15
12.1381   11
12.1431    7
12.1481    5
12.1531    8
12.1581   14
12.1631   16
12.1681   15
12.1731   12
12.1781    6
12.1831    8
12.1881    9
12.1931   14
12.1981   10
12.2031    9
12.2081    5
12.2131    8
12.2181    7
12.2231    7
12.2281    3
12.2331    5
12.2381   16
12.2431    5
12.2481   19
12.2531    7
12.2581   10
12.2631   15
12.2681   13
12.2731    3
12.2781    9
12.2831    9
12.2881    4
12.2931   10
12.2981    9
12.3031    6
12.3081    7
12.3131    8
12.3181    8
12.3231   12
12.3281    6
12.3331   10
12.3381   14
12.3431   11
12.3481   12
12.3531   11
12.3581   13
12.3631    5
12.3681    7
12.3731   11
12.3781    6
12.3831    9
12.3881    5
12.3931    8
12.3981   19
12.4031    4
12.4081    8
12.4131   14
12.4181    6
12.4231    5
12.4281   12
12.4331    8
12.4381    9
12.4431   10
12.4481    7
12.4531    8
12.4581   13
12.4631    4
12.4681   15
12.4731   10
12.4781    8
12.4831   13
12.4881    9
12.4931    9
12.4981    5
12.5031   11
12.5081    4
12.5131    9
12.5181    7
12.5231   14
12.5281   18
12.5331   11
12.5381   12
12.5431    8
12.5481    6
12.5531   13
12.5581   10
12.5631   14
12.5681    9
12.5731   10
12.5781   11
12.5831   12
12.5881    5
12.5931    7
12.5981    9
12.6031    7
12.6081   12
12.6131    6
12.6181    9
12.6231    9
12.6281   14
12.6331    9
12.6381   10
12.6431    4
12.6481   10
12.6531   12
12.6581   13
12.6631   16
12.6681    6
12.6731   11
12.6781   12
12.6831   12
12.6881    7
12.6931    8
12.6981   17
12.7031   10
12.7081    9
12.7131    9
12.7181   12
12.7231    9
12.7281    6
12.7331   10
12.7381   10
12.7431    7
12.7481   11
12.7531    8
12.7581   10
12.7631    9
12.7681    7
12.7731    7
12.7781    4
12.7831    6
12.7881    9
12.7931    8
12.7981   11
12.8031   13
12.8081    8
12.8131    9
12.8181   12
12.8231   11
12.8281   10
12.8331    7
12.8381    7
12.8431    7
12.8481    9
12.8531   11
12.8581    3
12.8631   10
12.8681   15
12.8731   12
12.8781    9
12.8831    9
12.8881    7
12.8931    5
12.8981   13
12.9031   10
12.9081    7
12.9131   10
12.9181   12
12.9231    6
12.9281   11
12.9331   15
12.9381   14
12.9431    7
12.9481   13
12.9531   14
12.9581    8
12.9631   10
12.9681   11
12.9731    8
12.9781    5
12.9831   11
12.9881    6
12.9931    8
12.9981    3
13.0031    4
13.0081    8
13.0131    7
13.0181   14
13.0231   17
13.0281    8
13.0331   10
13.0381   10
13.0431    6
13.0481   12
13.0531    7
13.0581   11
13.0631    8
13.0681    8
13.0731    7
13.0781   12
13.0831    6
13.0881    4
13.0931    2
13.0981    8
13.1031    8
13.1081   13
13.1131   10
13.1181   10
13.1231    6
13.1281    7
13.1331    8
13.1381    9
13.1431    7
13.1481   10
13.1531    3
13.1581    9
13.1631    7
13.1681    5
13.1731    6
13.1781    9
13.1831    7
13.1881   10
13.1931    5
13.1981   11
13.2031    8
13.2081    8
13.2131    6
13.2181   10
13.2231    6
13.2281    4
13.2331   11
13.2381    6
13.2431   11
13.2481   10
13.2531    9
13.2581    7
13.2631    9
13.2681    6
13.2731   12
13.2781   13
13.2831    8
13.2881   10
13.2931    8
13.2981    9
13.3031   11
13.3081    7
13.3131   11
13.3181    5
13.3231    6
13.3281    5
13.3331    8
13.3381   11
13.3431    6
13.3481    5
13.3531    9
13.3581   12
13.3631    3
13.3681   11
13.3731    8
13.3781   12
13.3831   14
13.3881   10
13.3931    9
13.3981    7
13.4031   12
13.4081   13
13.4131   12
13.4181    6
13.4231   11
13.4281    6
13.4331   12
13.4381    8
13.4431    7
13.4481   18
13.4531    7
13.4581    5
13.4631    5
13.4681    7
13.4731    8
13.4781    6
13.4831    6
13.4881    9
13.4931    5
13.4981    9
13.5031    3
13.5081    8
13.5131   13
13.5181    3
13.5231    7
13.5281    6
13.5331    6
13.5381    8
13.5431   11
13.5481    5
13.5531   13
13.5581    7
13.5631   12
13.5681   12
13.5731   11
13.5781    5
13.5831    8
13.5881    8
13.5931    7
13.5981   11
13.6031    8
13.6081   10
13.6131    9
13.6181    4
13.6231    7
13.6281    9
13.6331   10
13.6381   14
13.6431   13
13.6481    9
13.6531    9
13.6581   10
13.6631    7
13.6681    9
13.6731    5
13.6781    8
13.6831   11
13.6881    7
13.6931    8
13.6981    4
13.7031    7
13.7081   10
13.7131    9
13.7181    4
13.7231    7
13.7281    9
13.7331    5
13.7381    6
13.7431    9
13.7481    8
13.7531    5
13.7581    5
13.7631    9
13.7681    9
13.7731    8
13.7781    4
13.7831    4
13.7881    6
13.7931    9
13.7981    7
13.8031    3
13.8081    5
13.8131    7
13.8181   13
13.8231    9
13.8281    5
13.8331    5
13.8381    9
13.8431    4
13.8481   10
13.8531    9
13.8581    9
13.8631    9
13.8681    9
13.8731    6
13.8781    7
13.8831    7
13.8881    4
13.8931    7
13.8981    4
13.9031    5
13.9081    5
13.9131    8
13.9181    8
13.9231   10
13.9281   12
13.9331   10
13.9381    9
13.9431    4
13.9481    6
13.9531    3
13.9581    9
13.9631    7
13.9681    8
13.9731   11
13.9781    6
13.9831    7
13.9881    5
13.9931    6
13.9981    5
14.0031    6
14.0081    8
14.0131   12
14.0181    7
14.0231    4
14.0281    3
14.0331    3
14.0381    8
14.0431    6
14.0481    8
14.0531    5
14.0581   16
14.0631    8
14.0681    7
14.0731    7
14.0781    4
14.0831    6
14.0881    5
14.0931    6
14.0981    5
14.1031    5
14.1081    3
14.1131    9
14.1181    7
14.1231    6
14.1281    5
14.1331   11
14.1381    4
14.1431   10
14.1481    5
14.1531    4
14.1581    7
14.1631    7
14.1681   11
14.1731   10
14.1781    4
14.1831    8
14.1881    8
14.1931    4
14.1981    3
14.2031    2
14.2081    4
14.2131    3
14.2181    7
14.2231    6
14.2281   12
14.2331    3
14.2381    7
14.2431    4
14.2481    6
14.2531    3
14.2581   11
14.2631    6
14.2681    9
14.2731    4
14.2781    5
14.2831   10
14.2881   12
14.2931    8
14.2981    3
14.3031    5
14.3081    9
14.3131    7
14.3181   10
14.3231    4
14.3281    5
14.3331    6
14.3381    5
14.3431    7
14.3481    5
14.3531    7
14.3581    4
14.3631    4
14.3681    6
14.3731    5
14.3781   10
14.3831    4
14.3881    8
14.3931    4
14.3981    7
14.4031    9
14.4081    5
14.4131    7
14.4181    3
14.4231    8
14.4281    8
14.4331    3
14.4381    3
14.4431    4
14.4481    5
14.4531    7
14.4581    6
14.4631    2
14.4681    5
14.4731    9
14.4781    8
14.4831    6
14.4881    5
14.4931    3
14.4981    6
14.5031    4
14.5081    6
14.5131    4
14.5181    3
14.5231    6
14.5281    7
14.5331    8
14.5381    7
14.5431    6
14.5481    6
14.5531    5
14.5581    5
14.5631   10
14.5681    6
14.5731    5
14.5781    4
14.5831   10
14.5881    4
14.5931    6
14.5981    3
14.6031   10
14.6081    8
14.6131   10
14.6181    6
14.6231    3
14.6281    5
14.6331    8
14.6381    5
14.6431    6
14.6481    4
14.6531    6
14.6581    4
14.6631    5
14.6681    2
14.6731    2
14.6781    6
14.6831    4
14.6881    6
14.6931    5
14.6981    6
14.7031    2
14.7081    6
14.7131    5
14.7181    6
14.7231    8
14.7281    2
14.7331    5
14.7381    6
14.7431    1
14.7481    3
14.7531    6
14.7581    5
14.7631    5
14.7681    9
14.7731    1
14.7781    8
14.7831    4
14.7881   13
14.7931    2
14.7981    5
14.8031    7
14.8081    6
14.8131    4
14.8181    5
14.8231    4
14.8281    5
14.8331    3
14.8381    8
14.8431    6
14.8481    7
14.8531    7
14.8581    5
14.8631   10
14.8681   12
14.8731    3
14.8781    7
14.8831    2
14.8881    6
14.8931    8
14.8981    6
14.9031    9
14.9081    9
14.9131    3
14.9181    7
14.9231    7
14.9281    8
14.9331    2
14.9381    6
14.9431    5
14.9481    4
14.9531    3
14.9581    1
14.9631    8
14.9681    3
14.9731    5
14.9781    5
14.9831    8
14.9881    5
14.9931    1
14.9981    5
15.0031    5
15.0081    6
15.0131    5
15.0181    3
15.0231    5
15.0281    6
15.0331    5
15.0381    9
15.0431    4
15.0481    6
15.0531    6
15.0581    7
15.0631    6
15.0681    8
15.0731    8
15.0781    3
15.0831    4
15.0881    2
15.0931    5
15.0981    5
15.1031    4
15.1081    6
15.1131    4
15.1181    4
15.1231    6
15.1281    7
15.1331    3
15.1381    2
15.1431    9
15.1481    2
15.1531    3
15.1581    5
15.1631    5
15.1681   11
15.1731    4
15.1781    6
15.1831    2
15.1881   10
15.1931    2
15.1981    4
15.2031    7
15.2081    5
15.2131    5
15.2181    8
15.2231    6
15.2281   11
15.2331    4
15.2381    8
15.2431    4
15.2481   12
15.2531    4
15.2581    2
15.2631    6
15.2681    5
15.2731    3
15.2781    4
15.2831    6
15.2881    8
15.2931   12
15.2981    4
15.3031    5
15.3081    4
15.3131    5
15.3181    4
15.3231    8
15.3281    7
15.3331    3
15.3381    9
15.3431    8
15.3481    6
15.3531    3
15.3581    1
15.3631    1
15.3681    6
15.3731    5
15.3781    1
15.3831    3
15.3881    4
15.3931    5
15.3981    7
15.4031    9
15.4081    5
15.4131    7
15.4181    3
15.4231    5
15.4281    7
15.4331    4
15.4381    9
15.4431    6
15.4481    6
15.4531    6
15.4581    7
15.4631    4
15.4681   10
15.4731    4
15.4781    4
15.4831    4
15.4881    6
15.4931    3
15.4981    7
15.5031    4
15.5081    8
15.5131    3
15.5181    6
15.5231    4
15.5281    3
15.5331    4
15.5381    2
15.5431    2
15.5481    6
15.5531    6
15.5581    3
15.5631    4
15.5681    7
15.5731    2
15.5781    4
15.5831    1
15.5881    4
15.5931   10
15.5981    3
15.6031    6
15.6081    3
15.6131    3
15.6181    4
15.6231    1
15.6281    4
15.6331    3
15.6381    2
15.6431    5
15.6481    9
15.6531    2
15.6581    5
15.6631    4
15.6681    2
15.6731    6
15.6781    5
15.6831    2
15.6881    7
15.6931    5
15.6981   10
15.7031    5
15.7081    4
15.7131    3
15.7181    1
15.7231    7
15.7281    6
15.7331    6
15.7381   12
15.7431    3
15.7481   13
15.7531    1
15.7581    4
15.7631    3
15.7681    3
15.7731    5
15.7781    1
15.7831    5
15.7881    3
15.7931    5
15.7981    8
15.8031    8
15.8081    5
15.8131    8
15.8181    3
15.8231    8
15.8281    1
15.8331    4
15.8381    4
15.8431    4
15.8481    3
15.8531    9
15.8581    5
15.8631    2
15.8681    4
15.8731    2
15.8781    6
15.8831    2
15.8881    1
15.8931    5
15.8981    7
15.9031    2
15.9081    7
15.9131    7
15.9181    1
15.9231    7
15.9281    6
15.9331    5
15.9381    4
15.9431    4
15.9481    1
15.9531    7
15.9581    5
15.9631    4
15.9681    5
15.9731    1
15.9781    3
15.9831    7
15.9881    7
15.9931    3
15.9981    6
16.0031    4
16.0081    3
16.0131    6
16.0181    5
16.0231    5
16.0281    3
16.0331    5
16.0381    1
16.0431    2
16.0481    2
16.0531    4
16.0581    5
16.0631    5
16.0681    2
16.0731    5
16.0781    7
16.0831    6
16.0881    2
16.0931    3
16.0981    1
16.1031    0
16.1081    9
16.1131    5
16.1181    2
16.1231    5
16.1281    5
16.1331    3
16.1381    1
16.1431    5
16.1481    2
16.1531    6
16.1581    6
16.1631    4
16.1681    5
16.1731    7
16.1781    6
16.1831    3
16.1881    7
16.1931    6
16.1981    1
16.2031    5
16.2081    4
16.2131    5
16.2181    2
16.2231    5
16.2281    2
16.2331    5
16.2381    1
16.2431    1
16.2481    3
16.2531    6
16.2581    7
16.2631    4
16.2681    7
16.2731    5
16.2781    5
16.2831    1
16.2881    7
16.2931    9
16.2981    5
16.3031    2
16.3081    7
16.3131    3
16.3181    6
16.3231    1
16.3281    3
16.3331    3
16.3381    8
16.3431    6
16.3481    7
16.3531    4
16.3581    0
16.3631    4
16.3681    3
16.3731    4
16.3781    3
16.3831    9
16.3881    2
16.3931    3
16.3981    4
16.4031    6
16.4081    3
16.4131    7
16.4181    4
16.4231   10
16.4281    1
16.4331    5
16.4381    5
16.4431    4
16.4481    2
16.4531    2
16.4581    4
16.4631    5
16.4681    7
16.4731    4
16.4781    4
16.4831    4
16.4881    5
16.4931    4
16.4981    2
16.5031    7
16.5081    2
16.5131    7
16.5181    4
16.5231    3
16.5281    7
16.5331    2
16.5381    4
16.5431    4
16.5481    3
16.5531    4
16.5581    3
16.5631    3
16.5681    4
16.5731    5
16.5781    6
16.5831    4
16.5881    1
16.5931    4
16.5981    2
16.6031    4
16.6081    1
16.6131    8
16.6181    6
16.6231    3
16.6281    3
16.6331   10
16.6381    5
16.6431    2
16.6481    3
16.6531    3
16.6581    5
16.6631    5
16.6681    2
16.6731    4
16.6781   10
16.6831    2
16.6881    1
16.6931    5
16.6981    5
16.7031    7
16.7081    4
16.7131    7
16.7181    2
16.7231    3
16.7281    4
16.7331    1
16.7381    4
16.7431    3
16.7481    2
16.7531    3
16.7581    4
16.7631    6
16.7681    3
16.7731    6
16.7781    3
16.7831    3
16.7881    0
16.7931    3
16.7981    4
16.8031    3
16.8081    5
16.8131    1
16.8181    2
16.8231    3
16.8281    5
16.8331    5
16.8381    4
16.8431    3
16.8481    3
16.8531    2
16.8581    5
16.8631    3
16.8681    2
16.8731    5
16.8781    6
16.8831    7
16.8881    4
16.8931    1
16.8981    6
16.9031    4
16.9081    5
16.9131    5
16.9181    2
16.9231    4
16.9281    2
16.9331    2
16.9381    3
16.9431    2
16.9481    3
16.9531    4
16.9581    2
16.9631    3
16.9681    2
16.9731    5
16.9781    3
16.9831    3
16.9881    2
16.9931    5
16.9981    3
17.0031    3
17.0081    3
17.0131    6
17.0181    2
17.0231    3
17.0281    5
17.0331    4
17.0381    4
17.0431    2
17.0481    4
17.0531    2
17.0581    4
17.0631    8
17.0681    4
17.0731    6
17.0781    6
17.0831    1
17.0881    7
17.0931    5
17.0981    5
17.1031    0
17.1081    5
17.1131    1
17.1181    3
17.1231    8
17.1281    1
17.1331    2
17.1381    5
17.1431    4
17.1481    2
17.1531    3
17.1581    1
17.1631    2
17.1681    4
17.1731    1
17.1781    0
17.1831    5
17.1881    5
17.1931    3
17.1981    1
17.2031    2
17.2081    0
17.2131    2
17.2181    3
17.2231    4
17.2281    3
17.2331    1
17.2381    4
17.2431    2
17.2481    1
17.2531    7
17.2581    4
17.2631    6
17.2681    1
17.2731    2
17.2781    5
17.2831    3
17.2881    3
17.2931    7
17.2981    5
17.3031    2
17.3081    3
17.3131    2
17.3181    2
17.3231    2
17.3281    2
17.3331    0
17.3381    4
17.3431    6
17.3481    4
17.3531    1
17.3581    6
17.3631    0
17.3681    3
17.3731    6
17.3781    1
17.3831    3
17.3881    4
17.3931    1
17.3981    4
17.4031    1
17.4081    3
17.4131    4
17.4181    5
17.4231    3
17.4281    7
17.4331    4
17.4381    0
17.4431    2
17.4481    5
17.4531    3
17.4581    1
17.4631    2
17.4681    1
17.4731    5
17.4781    3
17.4831    5
17.4881    3
17.4931    2
17.4981    2
17.5031    2
17.5081    6
17.5131    4
17.5181    5
17.5231    3
17.5281    4
17.5331    2
17.5381    4
17.5431    1
17.5481    2
17.5531    4
17.5581    3
17.5631    5
17.5681    2
17.5731    2
17.5781    5
17.5831    2
17.5881    2
17.5931    2
17.5981    3
17.6031    5
17.6081    2
17.6131    6
17.6181    5
17.6231    1
17.6281    2
17.6331    0
17.6381    4
17.6431    1
17.6481    3
17.6531    5
17.6581    0
17.6631    3
17.6681    2
17.6731    0
17.6781    0
17.6831    1
17.6881    2
17.6931    1
17.6981    3
17.7031    1
17.7081    2
17.7131    7
17.7181    3
17.7231    4
17.7281    5
17.7331    1
17.7381    3
17.7431    4
17.7481    0
17.7531    2
17.7581    1
17.7631    6
17.7681    5
17.7731    4
17.7781    3
17.7831    2
17.7881    3
17.7931    1
17.7981    2
17.8031    1
17.8081    4
17.8131    2
17.8181    6
17.8231    4
17.8281    1
17.8331    3
17.8381    2
17.8431    1
17.8481    2
17.8531    1
17.8581    1
17.8631    1
17.8681    4
17.8731    2
17.8781    3
17.8831    3
17.8881    1
17.8931    2
17.8981    2
17.9031    2
17.9081    4
17.9131    4
17.9181    1
17.9231    1
17.9281    4
17.9331    0
17.9381    3
17.9431    5
17.9481    2
17.9531    2
17.9581    6
17.9631    1
17.9681    1
17.9731    4
17.9781    4
17.9831    4
17.9881    1
17.9931    2
17.9981    3
18.0031    2
18.0081    1
18.0131    1
18.0181    2
18.0231    2
18.0281    1
18.0331    1
18.0381    4
18.0431    2
18.0481    2
18.0531    4
18.0581    2
18.0631    4
18.0681    5
18.0731    1
18.0781    0
18.0831    2
18.0881    3
18.0931    2
18.0981    2
18.1031    2
18.1081    0
18.1131    2
18.1181    4
18.1231    2
18.1281    2
18.1331    2
18.1381    1
18.1431    4
18.1481    4
18.1531    1
18.1581    4
18.1631    3
18.1681    2
18.1731    4
18.1781    2
18.1831    4
18.1881    0
18.1931    5
18.1981    4
18.2031    2
18.2081    3
18.2131    2
18.2181    0
18.2231    2
18.2281    3
18.2331    3
18.2381    1
18.2431    1
18.2481    4
18.2531    3
18.2581    0
18.2631    4
18.2681    1
18.2731    1
18.2781    3
18.2831    3
18.2881    2
18.2931    2
18.2981    1
18.3031    1
18.3081    3
18.3131    5
18.3181    3
18.3231    1
18.3281    0
18.3331    3
18.3381    3
18.3431    1
18.3481    5
18.3531    6
18.3581    1
18.3631    4
18.3681    2
18.3731    6
18.3781    0
18.3831    4
18.3881    6
18.3931    1
18.3981    3
18.4031    3
18.4081    1
18.4131    1
18.4181    5
18.4231    3
18.4281    5
18.4331    1
18.4381    2
18.4431    3
18.4481    4
18.4531    1
18.4581    0
18.4631    0
18.4681    4
18.4731    2
18.4781    3
18.4831    5
18.4881    1
18.4931    0
18.4981    3
18.5031    2
18.5081    0
18.5131    5
18.5181    3
18.5231    1
18.5281    3
18.5331    0
18.5381    6
18.5431    1
18.5481    1
18.5531    5
18.5581    3
18.5631    1
18.5681    1
18.5731    3
18.5781    7
18.5831    7
18.5881    1
18.5931    1
18.5981    0
18.6031    4
18.6081    4
18.6131    0
18.6181    0
18.6231    1
18.6281    0
18.6331    2
18.6381    4
18.6431    1
18.6481    2
18.6531    2
18.6581    3
18.6631    4
18.6681    1
18.6731    1
18.6781    1
18.6831    1
18.6881    4
18.6931    3
18.6981    7
18.7031    1
18.7081    1
18.7131    4
18.7181    2
18.7231    3
18.7281    3
18.7331    2
18.7381    4
18.7431    6
18.7481    4
18.7531    4
18.7581    3
18.7631    2
18.7681    2
18.7731    1
18.7781    2
18.7831    1
18.7881    1
18.7931    2
18.7981    1
18.8031    2
18.8081    4
18.8131    4
18.8181    1
18.8231    0
18.8281    2
18.8331    2
18.8381    2
18.8431    0
18.8481    3
18.8531    0
18.8581    4
18.8631    4
18.8681    3
18.8731    2
18.8781    6
18.8831    5
18.8881    4
18.8931    5
18.8981    7
18.9031    4
18.9081    0
18.9131    3
18.9181    0
18.9231    3
18.9281    2
18.9331    1
18.9381    1
18.9431    1
18.9481    3
18.9531    0
18.9581    2
18.9631    2
18.9681    5
18.9731    2
18.9781    1
18.9831    4
18.9881    1
18.9931    1
18.9981    0
19.0031    4
19.0081    1
19.0131    1
19.0181    2
19.0231    2
19.0281    3
19.0331    3
19.0381    2
19.0431    0
19.0481    4
19.0531    0
19.0581    5
19.0631    2
19.0681    0
19.0731    2
19.0781    1
19.0831    1
19.0881    1
19.0931    1
19.0981    1
19.1031    4
19.1081    3
19.1131    3
19.1181    2
19.1231    2
19.1281    0
19.1331    1
19.1381    2
19.1431    3
19.1481    0
19.1531    3
19.1581    1
19.1631    1
19.1681    0
19.1731    1
19.1781    5
19.1831    2
19.1881    2
19.1931    1
19.1981    5
19.2031    0
19.2081    2
19.2131    1
19.2181    4
19.2231    2
19.2281    1
19.2331    2
19.2381    2
19.2431    3
19.2481    5
19.2531    1
19.2581    6
19.2631    4
19.2681    1
19.2731    0
19.2781    1
19.2831    3
19.2881    1
19.2931    1
19.2981    2
19.3031    3
19.3081    1
19.3131    1
19.3181    3
19.3231    1
19.3281    2
19.3331    3
19.3381    1
19.3431    1
19.3481    3
19.3531    1
19.3581    0
19.3631    1
19.3681    4
19.3731    1
19.3781    5
19.3831    2
19.3881    2
19.3931    2
19.3981    0
19.4031    6
19.4081    0
19.4131    0
19.4181    0
19.4231    0
19.4281    3
19.4331    0
19.4381    2
19.4431    1
19.4481    2
19.4531    1
19.4581    0
19.4631    4
19.4681    2
19.4731    3
19.4781    2
19.4831    4
19.4881    1
19.4931    3
19.4981    3
19.5031    3
19.5081    2
19.5131    0
19.5181    1
19.5231    0
19.5281    4
19.5331    0
19.5381    0
19.5431    2
19.5481    2
19.5531    4
19.5581    0
19.5631    1
19.5681    0
19.5731    0
19.5781    2
19.5831    4
19.5881    0
19.5931    1
19.5981    3
19.6031    3
19.6081    3
19.6131    1
19.6181    4
19.6231    3
19.6281    1
19.6331    2
19.6381    0
19.6431    1
19.6481    1
19.6531    0
19.6581    1
19.6631    4
19.6681    2
19.6731    0
19.6781    2
19.6831    0
19.6881    3
19.6931    2
19.6981    1
19.7031    2
19.7081    1
19.7131    2
19.7181    3
19.7231    1
19.7281    1
19.7331    1
19.7381    2
19.7431    3
19.7481    2
19.7531    0
19.7581    1
19.7631    1
19.7681    1
19.7731    1
19.7781    0
19.7831    1
19.7881    3
19.7931    2
19.7981    2
19.8031    3
19.8081    1
19.8131    2
19.8181    0
19.8231    5
19.8281    3
19.8331    2
19.8381    2
19.8431    4
19.8481    2
19.8531    1
19.8581    1
19.8631    1
19.8681    0
19.8731    1
19.8781    2
19.8831    0
19.8881    4
19.8931    2
19.8981    0
19.9031    2
19.9081    2
19.9131    2
19.9181    1
19.9231    1
19.9281    1
19.9331    2
19.9381    2
19.9431    2
19.9481    0
19.9531    2
19.9581    0
19.9631    0
19.9681    4
19.9731    3
19.9781    3
19.9831    1
19.9881    2
19.9931    0
19.9981    0
