Bruker Nano GmbH Berlin, Germany
Esprit 1.9

Date: 9/14/2017 8:05:54 PM
Real time: 47274
Life time: 43447
Pulse density: 5760

Primary energy: 30
Take off angle: 35
Tilt angle: 0
Azimut angle: 45

Detector type: XFlash 6|30
Window type: slew AP3.3
Detector thickness: 0.45
Si dead layer:0.029

Calibration, lin.: 5
Calibration, abs.: -476.9
Mn FWHM: 126.255
Fano factor: 0.11
Channels: 4096

Energy Counts
-0.4769    0
-0.4719    0
-0.4669    0
-0.4619    0
-0.4569    0
-0.4519    0
-0.4469    0
-0.4419    0
-0.4369    0
-0.4319    0
-0.4269    0
-0.4219    0
-0.4169    0
-0.4119    0
-0.4069    0
-0.4019    0
-0.3969    0
-0.3919    0
-0.3869    0
-0.3819    0
-0.3769    0
-0.3719    0
-0.3669    0
-0.3619    0
-0.3569    0
-0.3519    0
-0.3469    0
-0.3419    0
-0.3369    0
-0.3319    0
-0.3269    0
-0.3219    0
-0.3169    0
-0.3119    0
-0.3069    0
-0.3019    0
-0.2969    0
-0.2919    0
-0.2869    0
-0.2819    0
-0.2769    0
-0.2719    0
-0.2669    0
-0.2619    0
-0.2569    0
-0.2519    0
-0.2469    0
-0.2419    0
-0.2369    0
-0.2319    0
-0.2269    0
-0.2219    0
-0.2169    0
-0.2119    0
-0.2069    0
-0.2019    0
-0.1969    0
-0.1919    0
-0.1869    0
-0.1819    0
-0.1769    0
-0.1719    0
-0.1669    0
-0.1619    0
-0.1569    0
-0.1519    0
-0.1469    0
-0.1419    0
-0.1369    0
-0.1319    0
-0.1269    0
-0.1219    0
-0.1169    0
-0.1119    0
-0.1069    0
-0.1019    0
-0.0969    0
-0.0919    0
-0.0869    0
-0.0819    0
-0.0769    1
-0.0719    4
-0.0669   13
-0.0619   24
-0.0569   55
-0.0519  114
-0.0469  258
-0.0419  405
-0.0369  713
-0.0319 1177
-0.0269 1785
-0.0219 2580
-0.0169 3319
-0.0119 4066
-0.0069 4706
-0.0019 4929
 0.0031 4909
 0.0081 4586
 0.0131 3850
 0.0181 3199
 0.0231 2303
 0.0281 1645
 0.0331 1063
 0.0381  638
 0.0431  384
 0.0481  179
 0.0531   89
 0.0581   45
 0.0631   25
 0.0681   11
 0.0731    3
 0.0781    2
 0.0831    2
 0.0881    0
 0.0931    0
 0.0981    0
 0.1031    0
 0.1081    0
 0.1131    0
 0.1181    0
 0.1231   21
 0.1281   17
 0.1331   20
 0.1381   18
 0.1431   19
 0.1481   16
 0.1531   11
 0.1581   15
 0.1631   11
 0.1681   17
 0.1731   15
 0.1781   27
 0.1831   33
 0.1881   24
 0.1931   27
 0.1981   39
 0.2031   63
 0.2081   85
 0.2131  109
 0.2181  163
 0.2231  248
 0.2281  345
 0.2331  505
 0.2381  720
 0.2431  997
 0.2481 1308
 0.2531 1801
 0.2581 2135
 0.2631 2556
 0.2681 3006
 0.2731 3109
 0.2781 3274
 0.2831 3158
 0.2881 2939
 0.2931 2514
 0.2981 2074
 0.3031 1692
 0.3081 1309
 0.3131  936
 0.3181  703
 0.3231  436
 0.3281  251
 0.3331  176
 0.3381  112
 0.3431   70
 0.3481   64
 0.3531   63
 0.3581   82
 0.3631   99
 0.3681  109
 0.3731  133
 0.3781  155
 0.3831  154
 0.3881  157
 0.3931  157
 0.3981  161
 0.4031  172
 0.4081  161
 0.4131  121
 0.4181   93
 0.4231   70
 0.4281   60
 0.4331   56
 0.4381   48
 0.4431   39
 0.4481   42
 0.4531   54
 0.4581   62
 0.4631   54
 0.4681   76
 0.4731  105
 0.4781  150
 0.4831  207
 0.4881  256
 0.4931  343
 0.4981  397
 0.5031  467
 0.5081  548
 0.5131  564
 0.5181  676
 0.5231  670
 0.5281  695
 0.5331  661
 0.5381  552
 0.5431  528
 0.5481  409
 0.5531  316
 0.5581  252
 0.5631  175
 0.5681  134
 0.5731  104
 0.5781  101
 0.5831   86
 0.5881   48
 0.5931   26
 0.5981   25
 0.6031    4
 0.6081   27
 0.6131   24
 0.6181   27
 0.6231   12
 0.6281   28
 0.6331   20
 0.6381   28
 0.6431   26
 0.6481   18
 0.6531   34
 0.6581   24
 0.6631   35
 0.6681   21
 0.6731   23
 0.6781   21
 0.6831   20
 0.6881   26
 0.6931   32
 0.6981   35
 0.7031   27
 0.7081   18
 0.7131   19
 0.7181   40
 0.7231   31
 0.7281   39
 0.7331   41
 0.7381   34
 0.7431   41
 0.7481   31
 0.7531   32
 0.7581   40
 0.7631   31
 0.7681   34
 0.7731   30
 0.7781   42
 0.7831   38
 0.7881   43
 0.7931   41
 0.7981   31
 0.8031   45
 0.8081   41
 0.8131   40
 0.8181   45
 0.8231   42
 0.8281   41
 0.8331   31
 0.8381   45
 0.8431   63
 0.8481   43
 0.8531   55
 0.8581   53
 0.8631   54
 0.8681   52
 0.8731   42
 0.8781   54
 0.8831   43
 0.8881   65
 0.8931   64
 0.8981   57
 0.9031   48
 0.9081   48
 0.9131   51
 0.9181   48
 0.9231   41
 0.9281   49
 0.9331   64
 0.9381   51
 0.9431   50
 0.9481   65
 0.9531   60
 0.9581   57
 0.9631   71
 0.9681   62
 0.9731   68
 0.9781   66
 0.9831   67
 0.9881   70
 0.9931   74
 0.9981   67
 1.0031   90
 1.0081   82
 1.0131   78
 1.0181   88
 1.0231   80
 1.0281   97
 1.0331   95
 1.0381  105
 1.0431   84
 1.0481   96
 1.0531   86
 1.0581   81
 1.0631   85
 1.0681   89
 1.0731   93
 1.0781   83
 1.0831   76
 1.0881   81
 1.0931   78
 1.0981   72
 1.1031   93
 1.1081  100
 1.1131   81
 1.1181   72
 1.1231   76
 1.1281   77
 1.1331  101
 1.1381   87
 1.1431   92
 1.1481   97
 1.1531  101
 1.1581   80
 1.1631   89
 1.1681   95
 1.1731  101
 1.1781   90
 1.1831   85
 1.1881  107
 1.1931   89
 1.1981  108
 1.2031  106
 1.2081  110
 1.2131  102
 1.2181  117
 1.2231  103
 1.2281  117
 1.2331  107
 1.2381  125
 1.2431   98
 1.2481  104
 1.2531  131
 1.2581  120
 1.2631  123
 1.2681  134
 1.2731  123
 1.2781  122
 1.2831  115
 1.2881  106
 1.2931   98
 1.2981  117
 1.3031  107
 1.3081  104
 1.3131  103
 1.3181  121
 1.3231  122
 1.3281  114
 1.3331   98
 1.3381  111
 1.3431  102
 1.3481  105
 1.3531  101
 1.3581  115
 1.3631  126
 1.3681  103
 1.3731  110
 1.3781  111
 1.3831  128
 1.3881  109
 1.3931  122
 1.3981  120
 1.4031  138
 1.4081  120
 1.4131  139
 1.4181  144
 1.4231  136
 1.4281  107
 1.4331  128
 1.4381  138
 1.4431  122
 1.4481  121
 1.4531  122
 1.4581  134
 1.4631  135
 1.4681  126
 1.4731  123
 1.4781  130
 1.4831  135
 1.4881  150
 1.4931  142
 1.4981  133
 1.5031  123
 1.5081  141
 1.5131  141
 1.5181  120
 1.5231  141
 1.5281  133
 1.5331  128
 1.5381  117
 1.5431  130
 1.5481  133
 1.5531  146
 1.5581  131
 1.5631  121
 1.5681  123
 1.5731  120
 1.5781  126
 1.5831  129
 1.5881  128
 1.5931  113
 1.5981  110
 1.6031  119
 1.6081  131
 1.6131  131
 1.6181  136
 1.6231  133
 1.6281  127
 1.6331  135
 1.6381  149
 1.6431  132
 1.6481  137
 1.6531  140
 1.6581  131
 1.6631  131
 1.6681  149
 1.6731  151
 1.6781  134
 1.6831  129
 1.6881  146
 1.6931  140
 1.6981  130
 1.7031  147
 1.7081  142
 1.7131  135
 1.7181  154
 1.7231  155
 1.7281  146
 1.7331  157
 1.7381  151
 1.7431  143
 1.7481  153
 1.7531  152
 1.7581  161
 1.7631  162
 1.7681  148
 1.7731  151
 1.7781  169
 1.7831  166
 1.7881  155
 1.7931  157
 1.7981  151
 1.8031  145
 1.8081  139
 1.8131  149
 1.8181  139
 1.8231  160
 1.8281  157
 1.8331  148
 1.8381  148
 1.8431  148
 1.8481  144
 1.8531  139
 1.8581  139
 1.8631  132
 1.8681  137
 1.8731  150
 1.8781  147
 1.8831  150
 1.8881  142
 1.8931  137
 1.8981  147
 1.9031  138
 1.9081  126
 1.9131  127
 1.9181  138
 1.9231  146
 1.9281  147
 1.9331  131
 1.9381  134
 1.9431  146
 1.9481  142
 1.9531  142
 1.9581  144
 1.9631  143
 1.9681  142
 1.9731  150
 1.9781  149
 1.9831  156
 1.9881  159
 1.9931  149
 1.9981  167
 2.0031  160
 2.0081  138
 2.0131  146
 2.0181  149
 2.0231  147
 2.0281  152
 2.0331  147
 2.0381  138
 2.0431  149
 2.0481  147
 2.0531  139
 2.0581  168
 2.0631  175
 2.0681  148
 2.0731  137
 2.0781  140
 2.0831  139
 2.0881  134
 2.0931  126
 2.0981  133
 2.1031  140
 2.1081  138
 2.1131  140
 2.1181  156
 2.1231  157
 2.1281  142
 2.1331  143
 2.1381  135
 2.1431  139
 2.1481  144
 2.1531  154
 2.1581  150
 2.1631  131
 2.1681  151
 2.1731  173
 2.1781  158
 2.1831  146
 2.1881  159
 2.1931  174
 2.1981  202
 2.2031  239
 2.2081  258
 2.2131  264
 2.2181  323
 2.2231  390
 2.2281  479
 2.2331  556
 2.2381  689
 2.2431  812
 2.2481  951
 2.2531 1154
 2.2581 1386
 2.2631 1591
 2.2681 1869
 2.2731 2179
 2.2781 2400
 2.2831 2578
 2.2881 2812
 2.2931 3100
 2.2981 3211
 2.3031 3315
 2.3081 3319
 2.3131 3269
 2.3181 3160
 2.3231 2990
 2.3281 2834
 2.3331 2619
 2.3381 2477
 2.3431 2216
 2.3481 1851
 2.3531 1661
 2.3581 1473
 2.3631 1247
 2.3681 1024
 2.3731  855
 2.3781  721
 2.3831  597
 2.3881  503
 2.3931  429
 2.3981  377
 2.4031  331
 2.4081  312
 2.4131  299
 2.4181  297
 2.4231  296
 2.4281  300
 2.4331  306
 2.4381  320
 2.4431  316
 2.4481  323
 2.4531  384
 2.4581  380
 2.4631  344
 2.4681  321
 2.4731  339
 2.4781  366
 2.4831  338
 2.4881  300
 2.4931  309
 2.4981  287
 2.5031  274
 2.5081  240
 2.5131  263
 2.5181  205
 2.5231  193
 2.5281  179
 2.5331  177
 2.5381  169
 2.5431  166
 2.5481  163
 2.5531  152
 2.5581  139
 2.5631  142
 2.5681  135
 2.5731  144
 2.5781  148
 2.5831  128
 2.5881  130
 2.5931  134
 2.5981  147
 2.6031  147
 2.6081  155
 2.6131  151
 2.6181  157
 2.6231  146
 2.6281  152
 2.6331  150
 2.6381  152
 2.6431  131
 2.6481  140
 2.6531  141
 2.6581  142
 2.6631  138
 2.6681  141
 2.6731  111
 2.6781  131
 2.6831  116
 2.6881  143
 2.6931  120
 2.6981  127
 2.7031  107
 2.7081  122
 2.7131  103
 2.7181  129
 2.7231  120
 2.7281  104
 2.7331  113
 2.7381  117
 2.7431  108
 2.7481  108
 2.7531  124
 2.7581  106
 2.7631  109
 2.7681  101
 2.7731  100
 2.7781  115
 2.7831   91
 2.7881  104
 2.7931  100
 2.7981   98
 2.8031  109
 2.8081   99
 2.8131  107
 2.8181  103
 2.8231   89
 2.8281  106
 2.8331  115
 2.8381  111
 2.8431   92
 2.8481  100
 2.8531   94
 2.8581  115
 2.8631  118
 2.8681  105
 2.8731  137
 2.8781  106
 2.8831   95
 2.8881  114
 2.8931  111
 2.8981  134
 2.9031  107
 2.9081  108
 2.9131  109
 2.9181  110
 2.9231  119
 2.9281  103
 2.9331   94
 2.9381  127
 2.9431   95
 2.9481   97
 2.9531  113
 2.9581   86
 2.9631   91
 2.9681  110
 2.9731  102
 2.9781  106
 2.9831   99
 2.9881  105
 2.9931   97
 2.9981   85
 3.0031  101
 3.0081  101
 3.0131  111
 3.0181  119
 3.0231  106
 3.0281  100
 3.0331  117
 3.0381  100
 3.0431  109
 3.0481  100
 3.0531  109
 3.0581   91
 3.0631   96
 3.0681   85
 3.0731   97
 3.0781  115
 3.0831   94
 3.0881  119
 3.0931   95
 3.0981  105
 3.1031   96
 3.1081   99
 3.1131  111
 3.1181   98
 3.1231  103
 3.1281   91
 3.1331   93
 3.1381   98
 3.1431   93
 3.1481   84
 3.1531   85
 3.1581   90
 3.1631   96
 3.1681   98
 3.1731  107
 3.1781  101
 3.1831   83
 3.1881   82
 3.1931   99
 3.1981   84
 3.2031   92
 3.2081   92
 3.2131   95
 3.2181   88
 3.2231  110
 3.2281   94
 3.2331   94
 3.2381   90
 3.2431  108
 3.2481  105
 3.2531  119
 3.2581  109
 3.2631   94
 3.2681   92
 3.2731   92
 3.2781  116
 3.2831   94
 3.2881  122
 3.2931  109
 3.2981  101
 3.3031  110
 3.3081  107
 3.3131  116
 3.3181  100
 3.3231  101
 3.3281  100
 3.3331  114
 3.3381  113
 3.3431   97
 3.3481  102
 3.3531  100
 3.3581   97
 3.3631  106
 3.3681   90
 3.3731   85
 3.3781   95
 3.3831   97
 3.3881   96
 3.3931   71
 3.3981   85
 3.4031   88
 3.4081   84
 3.4131   94
 3.4181   99
 3.4231   79
 3.4281   82
 3.4331   79
 3.4381   86
 3.4431   92
 3.4481   86
 3.4531   82
 3.4581   89
 3.4631   95
 3.4681   82
 3.4731   92
 3.4781  106
 3.4831  105
 3.4881   80
 3.4931   75
 3.4981   83
 3.5031   90
 3.5081   91
 3.5131   91
 3.5181   72
 3.5231   83
 3.5281   90
 3.5331   81
 3.5381   88
 3.5431   79
 3.5481   92
 3.5531  104
 3.5581   99
 3.5631   88
 3.5681  102
 3.5731   82
 3.5781   98
 3.5831  104
 3.5881   99
 3.5931  112
 3.5981  112
 3.6031  120
 3.6081  108
 3.6131  110
 3.6181  145
 3.6231  150
 3.6281  152
 3.6331  140
 3.6381  180
 3.6431  177
 3.6481  198
 3.6531  182
 3.6581  203
 3.6631  213
 3.6681  230
 3.6731  225
 3.6781  233
 3.6831  233
 3.6881  221
 3.6931  233
 3.6981  249
 3.7031  233
 3.7081  211
 3.7131  252
 3.7181  213
 3.7231  205
 3.7281  222
 3.7331  181
 3.7381  146
 3.7431  178
 3.7481  148
 3.7531  153
 3.7581  143
 3.7631  157
 3.7681  112
 3.7731  129
 3.7781  112
 3.7831  104
 3.7881  109
 3.7931   83
 3.7981   91
 3.8031   84
 3.8081   88
 3.8131   84
 3.8181  105
 3.8231   83
 3.8281   90
 3.8331   86
 3.8381   97
 3.8431   70
 3.8481   82
 3.8531   69
 3.8581   90
 3.8631   87
 3.8681   75
 3.8731   88
 3.8781   71
 3.8831   89
 3.8881   99
 3.8931   82
 3.8981   86
 3.9031   77
 3.9081   88
 3.9131   75
 3.9181   81
 3.9231   93
 3.9281   72
 3.9331   90
 3.9381   81
 3.9431   74
 3.9481   75
 3.9531   92
 3.9581  104
 3.9631   84
 3.9681   87
 3.9731  100
 3.9781  101
 3.9831  111
 3.9881   91
 3.9931   79
 3.9981   81
 4.0031   92
 4.0081  106
 4.0131   98
 4.0181   87
 4.0231   98
 4.0281   96
 4.0331  107
 4.0381  105
 4.0431   98
 4.0481   87
 4.0531   92
 4.0581   85
 4.0631   83
 4.0681   82
 4.0731   84
 4.0781   72
 4.0831   70
 4.0881   76
 4.0931   78
 4.0981   72
 4.1031   90
 4.1081   90
 4.1131   83
 4.1181   76
 4.1231   71
 4.1281   83
 4.1331   81
 4.1381   78
 4.1431   79
 4.1481   82
 4.1531   89
 4.1581   90
 4.1631   76
 4.1681   76
 4.1731   78
 4.1781   71
 4.1831   70
 4.1881   68
 4.1931   69
 4.1981   67
 4.2031   66
 4.2081   88
 4.2131   85
 4.2181   89
 4.2231   66
 4.2281   71
 4.2331   62
 4.2381   79
 4.2431   71
 4.2481   77
 4.2531   80
 4.2581   75
 4.2631   73
 4.2681   84
 4.2731   70
 4.2781   65
 4.2831   72
 4.2881   58
 4.2931   54
 4.2981   65
 4.3031   65
 4.3081   71
 4.3131   61
 4.3181   76
 4.3231   66
 4.3281   69
 4.3331   66
 4.3381   63
 4.3431   62
 4.3481   72
 4.3531   83
 4.3581   79
 4.3631   73
 4.3681   84
 4.3731   78
 4.3781   77
 4.3831   73
 4.3881   65
 4.3931   62
 4.3981   72
 4.4031   78
 4.4081   66
 4.4131   63
 4.4181   70
 4.4231   67
 4.4281   75
 4.4331   70
 4.4381   65
 4.4431   65
 4.4481   73
 4.4531   64
 4.4581   67
 4.4631   79
 4.4681   80
 4.4731   69
 4.4781   72
 4.4831   74
 4.4881   78
 4.4931   76
 4.4981   63
 4.5031   55
 4.5081   69
 4.5131   65
 4.5181   70
 4.5231   78
 4.5281   77
 4.5331   72
 4.5381   59
 4.5431   58
 4.5481   57
 4.5531   65
 4.5581   64
 4.5631   64
 4.5681   64
 4.5731   59
 4.5781   62
 4.5831   72
 4.5881   70
 4.5931   68
 4.5981   67
 4.6031   64
 4.6081   65
 4.6131   60
 4.6181   55
 4.6231   57
 4.6281   66
 4.6331   70
 4.6381   66
 4.6431   72
 4.6481   70
 4.6531   68
 4.6581   59
 4.6631   54
 4.6681   63
 4.6731   66
 4.6781   64
 4.6831   60
 4.6881   62
 4.6931   54
 4.6981   51
 4.7031   53
 4.7081   54
 4.7131   59
 4.7181   64
 4.7231   65
 4.7281   70
 4.7331   83
 4.7381   76
 4.7431   65
 4.7481   55
 4.7531   52
 4.7581   60
 4.7631   62
 4.7681   58
 4.7731   60
 4.7781   64
 4.7831   56
 4.7881   54
 4.7931   61
 4.7981   60
 4.8031   57
 4.8081   63
 4.8131   69
 4.8181   62
 4.8231   58
 4.8281   65
 4.8331   64
 4.8381   60
 4.8431   63
 4.8481   61
 4.8531   64
 4.8581   62
 4.8631   55
 4.8681   62
 4.8731   57
 4.8781   56
 4.8831   61
 4.8881   64
 4.8931   63
 4.8981   56
 4.9031   64
 4.9081   66
 4.9131   64
 4.9181   69
 4.9231   62
 4.9281   51
 4.9331   61
 4.9381   59
 4.9431   55
 4.9481   67
 4.9531   70
 4.9581   60
 4.9631   57
 4.9681   64
 4.9731   54
 4.9781   51
 4.9831   62
 4.9881   63
 4.9931   58
 4.9981   52
 5.0031   60
 5.0081   57
 5.0131   54
 5.0181   47
 5.0231   45
 5.0281   59
 5.0331   54
 5.0381   60
 5.0431   69
 5.0481   59
 5.0531   58
 5.0581   57
 5.0631   62
 5.0681   54
 5.0731   60
 5.0781   62
 5.0831   55
 5.0881   50
 5.0931   46
 5.0981   44
 5.1031   54
 5.1081   49
 5.1131   50
 5.1181   49
 5.1231   56
 5.1281   67
 5.1331   58
 5.1381   52
 5.1431   63
 5.1481   67
 5.1531   59
 5.1581   61
 5.1631   56
 5.1681   50
 5.1731   63
 5.1781   60
 5.1831   57
 5.1881   48
 5.1931   46
 5.1981   61
 5.2031   63
 5.2081   55
 5.2131   53
 5.2181   60
 5.2231   51
 5.2281   54
 5.2331   49
 5.2381   55
 5.2431   65
 5.2481   61
 5.2531   52
 5.2581   48
 5.2631   56
 5.2681   61
 5.2731   59
 5.2781   56
 5.2831   51
 5.2881   52
 5.2931   54
 5.2981   63
 5.3031   64
 5.3081   51
 5.3131   54
 5.3181   60
 5.3231   60
 5.3281   51
 5.3331   53
 5.3381   45
 5.3431   61
 5.3481   52
 5.3531   52
 5.3581   60
 5.3631   62
 5.3681   56
 5.3731   56
 5.3781   54
 5.3831   52
 5.3881   53
 5.3931   67
 5.3981   55
 5.4031   58
 5.4081   54
 5.4131   68
 5.4181   54
 5.4231   52
 5.4281   57
 5.4331   48
 5.4381   45
 5.4431   52
 5.4481   50
 5.4531   50
 5.4581   55
 5.4631   54
 5.4681   48
 5.4731   58
 5.4781   46
 5.4831   60
 5.4881   45
 5.4931   45
 5.4981   44
 5.5031   55
 5.5081   50
 5.5131   49
 5.5181   44
 5.5231   45
 5.5281   51
 5.5331   44
 5.5381   47
 5.5431   51
 5.5481   49
 5.5531   52
 5.5581   41
 5.5631   46
 5.5681   50
 5.5731   39
 5.5781   50
 5.5831   41
 5.5881   44
 5.5931   54
 5.5981   47
 5.6031   47
 5.6081   52
 5.6131   52
 5.6181   49
 5.6231   40
 5.6281   49
 5.6331   42
 5.6381   48
 5.6431   53
 5.6481   56
 5.6531   44
 5.6581   47
 5.6631   44
 5.6681   49
 5.6731   51
 5.6781   37
 5.6831   48
 5.6881   50
 5.6931   40
 5.6981   38
 5.7031   38
 5.7081   50
 5.7131   53
 5.7181   57
 5.7231   49
 5.7281   48
 5.7331   42
 5.7381   53
 5.7431   55
 5.7481   46
 5.7531   48
 5.7581   39
 5.7631   55
 5.7681   52
 5.7731   55
 5.7781   45
 5.7831   55
 5.7881   46
 5.7931   45
 5.7981   50
 5.8031   44
 5.8081   50
 5.8131   44
 5.8181   51
 5.8231   48
 5.8281   44
 5.8331   45
 5.8381   49
 5.8431   46
 5.8481   50
 5.8531   61
 5.8581   52
 5.8631   38
 5.8681   42
 5.8731   42
 5.8781   36
 5.8831   49
 5.8881   49
 5.8931   41
 5.8981   51
 5.9031   36
 5.9081   43
 5.9131   30
 5.9181   39
 5.9231   36
 5.9281   41
 5.9331   51
 5.9381   46
 5.9431   55
 5.9481   48
 5.9531   50
 5.9581   32
 5.9631   28
 5.9681   53
 5.9731   35
 5.9781   40
 5.9831   44
 5.9881   42
 5.9931   49
 5.9981   63
 6.0031   46
 6.0081   44
 6.0131   50
 6.0181   61
 6.0231   56
 6.0281   43
 6.0331   58
 6.0381   47
 6.0431   37
 6.0481   46
 6.0531   53
 6.0581   31
 6.0631   49
 6.0681   37
 6.0731   41
 6.0781   39
 6.0831   56
 6.0881   37
 6.0931   42
 6.0981   43
 6.1031   39
 6.1081   40
 6.1131   41
 6.1181   35
 6.1231   35
 6.1281   44
 6.1331   31
 6.1381   43
 6.1431   42
 6.1481   36
 6.1531   36
 6.1581   47
 6.1631   46
 6.1681   41
 6.1731   46
 6.1781   43
 6.1831   51
 6.1881   37
 6.1931   39
 6.1981   37
 6.2031   43
 6.2081   49
 6.2131   37
 6.2181   42
 6.2231   47
 6.2281   37
 6.2331   36
 6.2381   48
 6.2431   57
 6.2481   42
 6.2531   37
 6.2581   38
 6.2631   47
 6.2681   33
 6.2731   48
 6.2781   46
 6.2831   45
 6.2881   41
 6.2931   37
 6.2981   34
 6.3031   37
 6.3081   51
 6.3131   35
 6.3181   43
 6.3231   45
 6.3281   44
 6.3331   42
 6.3381   39
 6.3431   43
 6.3481   44
 6.3531   52
 6.3581   41
 6.3631   47
 6.3681   51
 6.3731   53
 6.3781   53
 6.3831   45
 6.3881   54
 6.3931   50
 6.3981   47
 6.4031   44
 6.4081   49
 6.4131   37
 6.4181   56
 6.4231   51
 6.4281   46
 6.4331   43
 6.4381   43
 6.4431   47
 6.4481   54
 6.4531   47
 6.4581   51
 6.4631   45
 6.4681   40
 6.4731   44
 6.4781   34
 6.4831   51
 6.4881   48
 6.4931   53
 6.4981   44
 6.5031   48
 6.5081   41
 6.5131   47
 6.5181   49
 6.5231   37
 6.5281   40
 6.5331   57
 6.5381   37
 6.5431   49
 6.5481   51
 6.5531   27
 6.5581   29
 6.5631   39
 6.5681   48
 6.5731   36
 6.5781   45
 6.5831   45
 6.5881   38
 6.5931   34
 6.5981   32
 6.6031   44
 6.6081   43
 6.6131   51
 6.6181   34
 6.6231   39
 6.6281   48
 6.6331   46
 6.6381   31
 6.6431   45
 6.6481   41
 6.6531   31
 6.6581   36
 6.6631   36
 6.6681   35
 6.6731   37
 6.6781   32
 6.6831   38
 6.6881   34
 6.6931   42
 6.6981   32
 6.7031   47
 6.7081   34
 6.7131   38
 6.7181   28
 6.7231   25
 6.7281   34
 6.7331   36
 6.7381   34
 6.7431   33
 6.7481   32
 6.7531   34
 6.7581   34
 6.7631   34
 6.7681   36
 6.7731   39
 6.7781   37
 6.7831   40
 6.7881   42
 6.7931   36
 6.7981   30
 6.8031   36
 6.8081   37
 6.8131   39
 6.8181   46
 6.8231   44
 6.8281   38
 6.8331   44
 6.8381   36
 6.8431   42
 6.8481   38
 6.8531   27
 6.8581   34
 6.8631   36
 6.8681   33
 6.8731   38
 6.8781   35
 6.8831   41
 6.8881   31
 6.8931   34
 6.8981   35
 6.9031   40
 6.9081   34
 6.9131   30
 6.9181   47
 6.9231   38
 6.9281   41
 6.9331   43
 6.9381   48
 6.9431   23
 6.9481   50
 6.9531   37
 6.9581   39
 6.9631   34
 6.9681   40
 6.9731   33
 6.9781   36
 6.9831   37
 6.9881   24
 6.9931   38
 6.9981   37
 7.0031   39
 7.0081   32
 7.0131   47
 7.0181   46
 7.0231   36
 7.0281   33
 7.0331   37
 7.0381   34
 7.0431   37
 7.0481   41
 7.0531   41
 7.0581   28
 7.0631   30
 7.0681   48
 7.0731   43
 7.0781   31
 7.0831   36
 7.0881   32
 7.0931   36
 7.0981   23
 7.1031   27
 7.1081   39
 7.1131   35
 7.1181   30
 7.1231   36
 7.1281   31
 7.1331   30
 7.1381   37
 7.1431   26
 7.1481   33
 7.1531   24
 7.1581   25
 7.1631   29
 7.1681   28
 7.1731   33
 7.1781   34
 7.1831   22
 7.1881   37
 7.1931   30
 7.1981   31
 7.2031   28
 7.2081   30
 7.2131   27
 7.2181   21
 7.2231   30
 7.2281   32
 7.2331   38
 7.2381   37
 7.2431   40
 7.2481   35
 7.2531   31
 7.2581   34
 7.2631   34
 7.2681   21
 7.2731   34
 7.2781   30
 7.2831   32
 7.2881   34
 7.2931   21
 7.2981   29
 7.3031   28
 7.3081   31
 7.3131   29
 7.3181   30
 7.3231   29
 7.3281   32
 7.3331   39
 7.3381   23
 7.3431   34
 7.3481   36
 7.3531   39
 7.3581   28
 7.3631   25
 7.3681   42
 7.3731   30
 7.3781   34
 7.3831   43
 7.3881   34
 7.3931   29
 7.3981   30
 7.4031   37
 7.4081   31
 7.4131   31
 7.4181   46
 7.4231   40
 7.4281   40
 7.4331   35
 7.4381   35
 7.4431   38
 7.4481   36
 7.4531   28
 7.4581   28
 7.4631   47
 7.4681   34
 7.4731   25
 7.4781   28
 7.4831   32
 7.4881   41
 7.4931   30
 7.4981   42
 7.5031   26
 7.5081   29
 7.5131   30
 7.5181   29
 7.5231   31
 7.5281   37
 7.5331   23
 7.5381   38
 7.5431   39
 7.5481   34
 7.5531   23
 7.5581   28
 7.5631   24
 7.5681   37
 7.5731   40
 7.5781   34
 7.5831   37
 7.5881   30
 7.5931   28
 7.5981   34
 7.6031   42
 7.6081   26
 7.6131   35
 7.6181   27
 7.6231   32
 7.6281   38
 7.6331   22
 7.6381   26
 7.6431   47
 7.6481   37
 7.6531   34
 7.6581   31
 7.6631   27
 7.6681   28
 7.6731   28
 7.6781   31
 7.6831   32
 7.6881   30
 7.6931   31
 7.6981   29
 7.7031   24
 7.7081   33
 7.7131   25
 7.7181   33
 7.7231   31
 7.7281   22
 7.7331   37
 7.7381   29
 7.7431   23
 7.7481   31
 7.7531   34
 7.7581   26
 7.7631   27
 7.7681   32
 7.7731   27
 7.7781   24
 7.7831   23
 7.7881   26
 7.7931   28
 7.7981   32
 7.8031   32
 7.8081   34
 7.8131   30
 7.8181   28
 7.8231   32
 7.8281   22
 7.8331   31
 7.8381   34
 7.8431   26
 7.8481   40
 7.8531   33
 7.8581   27
 7.8631   32
 7.8681   35
 7.8731   34
 7.8781   32
 7.8831   22
 7.8881   34
 7.8931   33
 7.8981   17
 7.9031   41
 7.9081   26
 7.9131   38
 7.9181   34
 7.9231   27
 7.9281   31
 7.9331   31
 7.9381   25
 7.9431   31
 7.9481   42
 7.9531   22
 7.9581   32
 7.9631   38
 7.9681   33
 7.9731   49
 7.9781   37
 7.9831   42
 7.9881   37
 7.9931   48
 7.9981   36
 8.0031   44
 8.0081   43
 8.0131   40
 8.0181   45
 8.0231   42
 8.0281   40
 8.0331   45
 8.0381   39
 8.0431   42
 8.0481   30
 8.0531   49
 8.0581   39
 8.0631   39
 8.0681   55
 8.0731   38
 8.0781   43
 8.0831   35
 8.0881   24
 8.0931   48
 8.0981   41
 8.1031   43
 8.1081   28
 8.1131   37
 8.1181   29
 8.1231   31
 8.1281   28
 8.1331   36
 8.1381   42
 8.1431   38
 8.1481   43
 8.1531   28
 8.1581   30
 8.1631   29
 8.1681   29
 8.1731   29
 8.1781   31
 8.1831   23
 8.1881   26
 8.1931   25
 8.1981   29
 8.2031   18
 8.2081   40
 8.2131   28
 8.2181   21
 8.2231   27
 8.2281   31
 8.2331   29
 8.2381   20
 8.2431   21
 8.2481   34
 8.2531   34
 8.2581   18
 8.2631   27
 8.2681   19
 8.2731   26
 8.2781   16
 8.2831   24
 8.2881   26
 8.2931   26
 8.2981   26
 8.3031   32
 8.3081   18
 8.3131   21
 8.3181   34
 8.3231   19
 8.3281   30
 8.3331   35
 8.3381   22
 8.3431   18
 8.3481   28
 8.3531   30
 8.3581   22
 8.3631   29
 8.3681   31
 8.3731   29
 8.3781   24
 8.3831   26
 8.3881   19
 8.3931   33
 8.3981   28
 8.4031   25
 8.4081   24
 8.4131   21
 8.4181   17
 8.4231   27
 8.4281   28
 8.4331   25
 8.4381   30
 8.4431   24
 8.4481   22
 8.4531   26
 8.4581   24
 8.4631   24
 8.4681   26
 8.4731   28
 8.4781   23
 8.4831   30
 8.4881   21
 8.4931   21
 8.4981   30
 8.5031   24
 8.5081   21
 8.5131   23
 8.5181   30
 8.5231   26
 8.5281   23
 8.5331   27
 8.5381   34
 8.5431   27
 8.5481   25
 8.5531   31
 8.5581   22
 8.5631   19
 8.5681   27
 8.5731   22
 8.5781   29
 8.5831   16
 8.5881   18
 8.5931   34
 8.5981   26
 8.6031   40
 8.6081   27
 8.6131   27
 8.6181   44
 8.6231   35
 8.6281   28
 8.6331   32
 8.6381   26
 8.6431   28
 8.6481   26
 8.6531   21
 8.6581   32
 8.6631   37
 8.6681   23
 8.6731   31
 8.6781   33
 8.6831   34
 8.6881   27
 8.6931   23
 8.6981   19
 8.7031   25
 8.7081   24
 8.7131   38
 8.7181   26
 8.7231   14
 8.7281   32
 8.7331   17
 8.7381   23
 8.7431   21
 8.7481   29
 8.7531   20
 8.7581   18
 8.7631   23
 8.7681   24
 8.7731   29
 8.7781   18
 8.7831   22
 8.7881   36
 8.7931   20
 8.7981   27
 8.8031   25
 8.8081   21
 8.8131   24
 8.8181   31
 8.8231   22
 8.8281   22
 8.8331   32
 8.8381   24
 8.8431   25
 8.8481   26
 8.8531   32
 8.8581   29
 8.8631   33
 8.8681   21
 8.8731   24
 8.8781   19
 8.8831   19
 8.8881   19
 8.8931   28
 8.8981   30
 8.9031   23
 8.9081   24
 8.9131   28
 8.9181   22
 8.9231   30
 8.9281   27
 8.9331   29
 8.9381   27
 8.9431   22
 8.9481   24
 8.9531   21
 8.9581   24
 8.9631   24
 8.9681   27
 8.9731   20
 8.9781   26
 8.9831   27
 8.9881   18
 8.9931   30
 8.9981   26
 9.0031   26
 9.0081   24
 9.0131   24
 9.0181   17
 9.0231   28
 9.0281   20
 9.0331   18
 9.0381   30
 9.0431   21
 9.0481   26
 9.0531   26
 9.0581   20
 9.0631   25
 9.0681   27
 9.0731   26
 9.0781    9
 9.0831   23
 9.0881   20
 9.0931   34
 9.0981   17
 9.1031   17
 9.1081   32
 9.1131   27
 9.1181   24
 9.1231   20
 9.1281   30
 9.1331   15
 9.1381   18
 9.1431   21
 9.1481   20
 9.1531   25
 9.1581   18
 9.1631   25
 9.1681   24
 9.1731   23
 9.1781   28
 9.1831   21
 9.1881   22
 9.1931   25
 9.1981   22
 9.2031   25
 9.2081   22
 9.2131   20
 9.2181   17
 9.2231   16
 9.2281   25
 9.2331   29
 9.2381   24
 9.2431   22
 9.2481   31
 9.2531   27
 9.2581   17
 9.2631   20
 9.2681   34
 9.2731   25
 9.2781   24
 9.2831   23
 9.2881   15
 9.2931   20
 9.2981   19
 9.3031   16
 9.3081   24
 9.3131   20
 9.3181   23
 9.3231   21
 9.3281   23
 9.3331   22
 9.3381   19
 9.3431   24
 9.3481   19
 9.3531   23
 9.3581   16
 9.3631   21
 9.3681   19
 9.3731   15
 9.3781   29
 9.3831   22
 9.3881   27
 9.3931   14
 9.3981   19
 9.4031   26
 9.4081   22
 9.4131   23
 9.4181   18
 9.4231   21
 9.4281   24
 9.4331   15
 9.4381   20
 9.4431   24
 9.4481   16
 9.4531   27
 9.4581   19
 9.4631   20
 9.4681   25
 9.4731   24
 9.4781   19
 9.4831   23
 9.4881   21
 9.4931   14
 9.4981   18
 9.5031   16
 9.5081   15
 9.5131   21
 9.5181   16
 9.5231   21
 9.5281   19
 9.5331   27
 9.5381   21
 9.5431   17
 9.5481   13
 9.5531   26
 9.5581   23
 9.5631   25
 9.5681   14
 9.5731   18
 9.5781   13
 9.5831   28
 9.5881   11
 9.5931   19
 9.5981    8
 9.6031   23
 9.6081   24
 9.6131   26
 9.6181   16
 9.6231   19
 9.6281   21
 9.6331   18
 9.6381   13
 9.6431   21
 9.6481   16
 9.6531   22
 9.6581   16
 9.6631   18
 9.6681   13
 9.6731   13
 9.6781   20
 9.6831   21
 9.6881   30
 9.6931   16
 9.6981   28
 9.7031   20
 9.7081   18
 9.7131   20
 9.7181   15
 9.7231   12
 9.7281   21
 9.7331   20
 9.7381   23
 9.7431   23
 9.7481   22
 9.7531   14
 9.7581   24
 9.7631   20
 9.7681   14
 9.7731   18
 9.7781   18
 9.7831   20
 9.7881   18
 9.7931   20
 9.7981   20
 9.8031   20
 9.8081   19
 9.8131   12
 9.8181   17
 9.8231   15
 9.8281   14
 9.8331   19
 9.8381   24
 9.8431    9
 9.8481   22
 9.8531   24
 9.8581   19
 9.8631   23
 9.8681   19
 9.8731   17
 9.8781   16
 9.8831   14
 9.8881   19
 9.8931   19
 9.8981   14
 9.9031   13
 9.9081   23
 9.9131   17
 9.9181   17
 9.9231   24
 9.9281   18
 9.9331   19
 9.9381   19
 9.9431   17
 9.9481   22
 9.9531   15
 9.9581   19
 9.9631   12
 9.9681   28
 9.9731   22
 9.9781   22
 9.9831   17
 9.9881   23
 9.9931   21
 9.9981   16
10.0031   28
10.0081   16
10.0131   26
10.0181   24
10.0231   21
10.0281   21
10.0331   24
10.0381   21
10.0431    8
10.0481   20
10.0531   14
10.0581   21
10.0631   14
10.0681   16
10.0731   19
10.0781   18
10.0831   18
10.0881   17
10.0931   18
10.0981   20
10.1031   16
10.1081   15
10.1131   20
10.1181   10
10.1231   16
10.1281   13
10.1331   26
10.1381   22
10.1431   22
10.1481   23
10.1531   33
10.1581   20
10.1631   17
10.1681   18
10.1731   27
10.1781   14
10.1831   26
10.1881   16
10.1931   21
10.1981   20
10.2031   14
10.2081   15
10.2131   11
10.2181   16
10.2231   16
10.2281   20
10.2331   18
10.2381   19
10.2431   19
10.2481   10
10.2531   17
10.2581   22
10.2631   17
10.2681   22
10.2731   22
10.2781   16
10.2831   29
10.2881   25
10.2931   18
10.2981   13
10.3031   16
10.3081   24
10.3131   17
10.3181   20
10.3231   24
10.3281   18
10.3331   10
10.3381   19
10.3431   11
10.3481   17
10.3531   21
10.3581   21
10.3631   17
10.3681   12
10.3731   23
10.3781    9
10.3831   26
10.3881    9
10.3931   19
10.3981   16
10.4031   18
10.4081   18
10.4131   18
10.4181   16
10.4231   15
10.4281   17
10.4331   22
10.4381   18
10.4431   11
10.4481   16
10.4531   24
10.4581   24
10.4631   16
10.4681   18
10.4731   21
10.4781   18
10.4831   16
10.4881   12
10.4931   18
10.4981   12
10.5031   23
10.5081   24
10.5131   22
10.5181   20
10.5231   22
10.5281   22
10.5331   25
10.5381   25
10.5431   10
10.5481   21
10.5531   25
10.5581   18
10.5631   21
10.5681   20
10.5731   25
10.5781    9
10.5831   24
10.5881   20
10.5931   26
10.5981   17
10.6031   20
10.6081   11
10.6131   20
10.6181   22
10.6231   18
10.6281   14
10.6331   14
10.6381   17
10.6431   19
10.6481   14
10.6531   20
10.6581   23
10.6631   20
10.6681   15
10.6731   22
10.6781   16
10.6831   14
10.6881   15
10.6931   16
10.6981   18
10.7031   11
10.7081   17
10.7131   19
10.7181   16
10.7231   11
10.7281   13
10.7331    9
10.7381   24
10.7431   16
10.7481   16
10.7531   18
10.7581   16
10.7631   10
10.7681   22
10.7731   15
10.7781   11
10.7831   18
10.7881   19
10.7931   22
10.7981   21
10.8031   12
10.8081   19
10.8131   19
10.8181   21
10.8231   17
10.8281   17
10.8331   15
10.8381    9
10.8431   27
10.8481   21
10.8531   29
10.8581   24
10.8631   17
10.8681   12
10.8731   12
10.8781   10
10.8831   11
10.8881   14
10.8931   15
10.8981   22
10.9031   20
10.9081   22
10.9131   19
10.9181   18
10.9231   20
10.9281   18
10.9331   11
10.9381   16
10.9431   19
10.9481    8
10.9531   15
10.9581   13
10.9631   17
10.9681   14
10.9731   18
10.9781   22
10.9831   14
10.9881   18
10.9931   18
10.9981   19
11.0031   20
11.0081   15
11.0131   14
11.0181   12
11.0231   14
11.0281   10
11.0331   17
11.0381   23
11.0431    9
11.0481   25
11.0531   11
11.0581   16
11.0631   12
11.0681   19
11.0731   16
11.0781   18
11.0831   12
11.0881   15
11.0931   12
11.0981   26
11.1031   14
11.1081    7
11.1131   11
11.1181   19
11.1231   14
11.1281   12
11.1331   19
11.1381   14
11.1431   19
11.1481   20
11.1531   16
11.1581   17
11.1631   15
11.1681   20
11.1731   14
11.1781   12
11.1831   14
11.1881   14
11.1931   17
11.1981   12
11.2031   12
11.2081   12
11.2131   17
11.2181   16
11.2231   11
11.2281   18
11.2331    9
11.2381   13
11.2431   11
11.2481   14
11.2531   17
11.2581   12
11.2631   12
11.2681   14
11.2731   14
11.2781   13
11.2831   12
11.2881   13
11.2931   16
11.2981    7
11.3031   12
11.3081   17
11.3131    8
11.3181   17
11.3231    9
11.3281   11
11.3331   12
11.3381   23
11.3431   14
11.3481   12
11.3531   14
11.3581   13
11.3631   19
11.3681   13
11.3731   16
11.3781    9
11.3831   13
11.3881    9
11.3931   14
11.3981    9
11.4031   16
11.4081   21
11.4131   13
11.4181   18
11.4231   13
11.4281   13
11.4331   21
11.4381   17
11.4431   11
11.4481   15
11.4531   14
11.4581   17
11.4631   10
11.4681   18
11.4731   12
11.4781   21
11.4831   15
11.4881   18
11.4931   18
11.4981    4
11.5031   15
11.5081   17
11.5131   15
11.5181   13
11.5231   10
11.5281   13
11.5331   13
11.5381   15
11.5431   11
11.5481   15
11.5531    9
11.5581   12
11.5631   11
11.5681   19
11.5731    7
11.5781    7
11.5831   11
11.5881   10
11.5931    9
11.5981   11
11.6031   15
11.6081   11
11.6131   11
11.6181   16
11.6231   10
11.6281   19
11.6331   17
11.6381   16
11.6431    9
11.6481    9
11.6531   10
11.6581   13
11.6631    8
11.6681    8
11.6731    9
11.6781   18
11.6831    9
11.6881   12
11.6931   10
11.6981   25
11.7031   11
11.7081   16
11.7131   18
11.7181   12
11.7231   12
11.7281   11
11.7331   10
11.7381   13
11.7431    8
11.7481   12
11.7531   23
11.7581    9
11.7631   12
11.7681   11
11.7731   19
11.7781   17
11.7831   10
11.7881   11
11.7931   12
11.7981   16
11.8031   10
11.8081   13
11.8131   15
11.8181   10
11.8231   12
11.8281   20
11.8331   15
11.8381    9
11.8431   12
11.8481    7
11.8531   13
11.8581   16
11.8631   15
11.8681   13
11.8731   15
11.8781   10
11.8831   15
11.8881   15
11.8931    7
11.8981   13
11.9031   14
11.9081   10
11.9131   10
11.9181   10
11.9231   12
11.9281   12
11.9331   14
11.9381   17
11.9431   14
11.9481    8
11.9531   10
11.9581   15
11.9631   12
11.9681   15
11.9731   11
11.9781   12
11.9831    7
11.9881    9
11.9931    9
11.9981   13
12.0031   13
12.0081    6
12.0131   13
12.0181   12
12.0231   11
12.0281   15
12.0331   14
12.0381   13
12.0431   12
12.0481   10
12.0531   12
12.0581   11
12.0631   17
12.0681   10
12.0731   13
12.0781   19
12.0831   15
12.0881   20
12.0931    7
12.0981    7
12.1031   15
12.1081    8
12.1131    8
12.1181   15
12.1231    8
12.1281   10
12.1331   16
12.1381    6
12.1431    5
12.1481   10
12.1531   14
12.1581   10
12.1631   18
12.1681    9
12.1731   15
12.1781    8
12.1831    8
12.1881   11
12.1931    6
12.1981   10
12.2031    9
12.2081   12
12.2131    6
12.2181   12
12.2231   14
12.2281   10
12.2331    7
12.2381    8
12.2431    9
12.2481   10
12.2531    8
12.2581    7
12.2631   15
12.2681    7
12.2731   14
12.2781   11
12.2831    6
12.2881   19
12.2931    6
12.2981    9
12.3031    8
12.3081   12
12.3131   21
12.3181   12
12.3231    9
12.3281    9
12.3331   14
12.3381   15
12.3431   16
12.3481   11
12.3531    8
12.3581   14
12.3631    5
12.3681   10
12.3731   14
12.3781    8
12.3831    4
12.3881   14
12.3931   11
12.3981   12
12.4031   14
12.4081    7
12.4131   17
12.4181   16
12.4231   11
12.4281   19
12.4331   11
12.4381   10
12.4431    4
12.4481   10
12.4531   11
12.4581   14
12.4631   20
12.4681   10
12.4731   11
12.4781   12
12.4831    8
12.4881    9
12.4931   18
12.4981    7
12.5031   13
12.5081   19
12.5131   11
12.5181    8
12.5231   12
12.5281   14
12.5331    9
12.5381   15
12.5431    7
12.5481   13
12.5531   10
12.5581    8
12.5631   10
12.5681   11
12.5731   10
12.5781    9
12.5831   11
12.5881   15
12.5931   11
12.5981    8
12.6031   14
12.6081    9
12.6131   15
12.6181   18
12.6231   14
12.6281   13
12.6331   12
12.6381   12
12.6431    6
12.6481    8
12.6531   11
12.6581    8
12.6631   14
12.6681    9
12.6731   14
12.6781   17
12.6831   10
12.6881   15
12.6931   15
12.6981   14
12.7031   10
12.7081   14
12.7131   10
12.7181    8
12.7231   12
12.7281   13
12.7331   12
12.7381   11
12.7431    5
12.7481    9
12.7531   10
12.7581    7
12.7631   16
12.7681   10
12.7731   19
12.7781   11
12.7831   16
12.7881    8
12.7931    3
12.7981    9
12.8031    7
12.8081    9
12.8131    5
12.8181   16
12.8231   19
12.8281   10
12.8331   12
12.8381   12
12.8431    9
12.8481   12
12.8531   10
12.8581    7
12.8631    9
12.8681   11
12.8731    6
12.8781   11
12.8831   11
12.8881    6
12.8931   11
12.8981    9
12.9031    9
12.9081   10
12.9131    7
12.9181   12
12.9231   11
12.9281    9
12.9331    7
12.9381   13
12.9431   11
12.9481    7
12.9531   10
12.9581   13
12.9631   12
12.9681   13
12.9731   11
12.9781    8
12.9831    6
12.9881    8
12.9931   12
12.9981   11
13.0031   12
13.0081   10
13.0131   10
13.0181    6
13.0231   10
13.0281   13
13.0331   11
13.0381   10
13.0431    9
13.0481    8
13.0531    7
13.0581    6
13.0631   13
13.0681    5
13.0731   10
13.0781    7
13.0831    8
13.0881    8
13.0931    3
13.0981   11
13.1031   16
13.1081   12
13.1131    8
13.1181   11
13.1231    7
13.1281    8
13.1331   11
13.1381    9
13.1431    6
13.1481   12
13.1531    5
13.1581    8
13.1631   11
13.1681    8
13.1731   12
13.1781   11
13.1831   10
13.1881   11
13.1931   12
13.1981   12
13.2031   10
13.2081    5
13.2131    8
13.2181   13
13.2231   13
13.2281    8
13.2331    8
13.2381    6
13.2431   11
13.2481    7
13.2531    8
13.2581   10
13.2631    8
13.2681    9
13.2731    8
13.2781    8
13.2831    5
13.2881    5
13.2931   12
13.2981   13
13.3031    8
13.3081    7
13.3131   11
13.3181    9
13.3231    9
13.3281   21
13.3331   10
13.3381    7
13.3431   14
13.3481    8
13.3531    8
13.3581    7
13.3631   11
13.3681   13
13.3731    7
13.3781    8
13.3831    6
13.3881    9
13.3931   10
13.3981   10
13.4031    8
13.4081   15
13.4131    8
13.4181   12
13.4231    8
13.4281   13
13.4331    5
13.4381    8
13.4431   13
13.4481    6
13.4531   13
13.4581    6
13.4631   11
13.4681   11
13.4731    5
13.4781   11
13.4831   11
13.4881   13
13.4931    4
13.4981    6
13.5031    9
13.5081    9
13.5131    9
13.5181    8
13.5231    5
13.5281    8
13.5331    5
13.5381   12
13.5431   11
13.5481    8
13.5531    2
13.5581    9
13.5631    7
13.5681    5
13.5731    7
13.5781    8
13.5831   11
13.5881    9
13.5931    7
13.5981   10
13.6031    3
13.6081   11
13.6131   12
13.6181    5
13.6231    9
13.6281   10
13.6331   11
13.6381   15
13.6431   14
13.6481   11
13.6531   15
13.6581   10
13.6631    4
13.6681   10
13.6731    3
13.6781    6
13.6831    8
13.6881    7
13.6931    9
13.6981    8
13.7031   14
13.7081    6
13.7131    8
13.7181    9
13.7231   11
13.7281    5
13.7331    7
13.7381    9
13.7431   10
13.7481    4
13.7531    7
13.7581    6
13.7631   10
13.7681   10
13.7731   12
13.7781    4
13.7831    4
13.7881    7
13.7931    7
13.7981    7
13.8031   12
13.8081   11
13.8131    8
13.8181    6
13.8231   10
13.8281    8
13.8331   12
13.8381   14
13.8431    7
13.8481   10
13.8531    9
13.8581    3
13.8631    7
13.8681    9
13.8731    7
13.8781    6
13.8831   13
13.8881    5
13.8931    4
13.8981   10
13.9031   11
13.9081    7
13.9131    7
13.9181    6
13.9231    7
13.9281    8
13.9331    8
13.9381    8
13.9431    6
13.9481   17
13.9531    5
13.9581    8
13.9631    9
13.9681   14
13.9731    6
13.9781    9
13.9831    5
13.9881   11
13.9931    6
13.9981   10
14.0031    5
14.0081    2
14.0131   14
14.0181   12
14.0231    7
14.0281    8
14.0331   11
14.0381    7
14.0431    5
14.0481    6
14.0531   10
14.0581    3
14.0631   12
14.0681    4
14.0731    4
14.0781    7
14.0831    5
14.0881    6
14.0931    7
14.0981    6
14.1031    7
14.1081    3
14.1131    5
14.1181    6
14.1231   15
14.1281    5
14.1331    3
14.1381   12
14.1431    5
14.1481    6
14.1531    2
14.1581    4
14.1631    9
14.1681   12
14.1731    7
14.1781    8
14.1831    8
14.1881    8
14.1931    6
14.1981    3
14.2031    5
14.2081    6
14.2131    5
14.2181    8
14.2231   14
14.2281   11
14.2331    6
14.2381   10
14.2431   12
14.2481    5
14.2531    7
14.2581    8
14.2631    3
14.2681   10
14.2731    5
14.2781    6
14.2831   10
14.2881    1
14.2931   10
14.2981    8
14.3031   11
14.3081    6
14.3131   10
14.3181   12
14.3231    2
14.3281    4
14.3331   11
14.3381    7
14.3431   10
14.3481    6
14.3531    6
14.3581   10
14.3631   10
14.3681    5
14.3731   10
14.3781    7
14.3831   12
14.3881    7
14.3931    7
14.3981    7
14.4031   10
14.4081    5
14.4131    5
14.4181    9
14.4231    7
14.4281    4
14.4331    6
14.4381    7
14.4431    4
14.4481    6
14.4531    8
14.4581    7
14.4631    8
14.4681    7
14.4731    6
14.4781    7
14.4831   11
14.4881    8
14.4931    6
14.4981    6
14.5031    6
14.5081    9
14.5131    9
14.5181    6
14.5231    5
14.5281    8
14.5331    8
14.5381    4
14.5431    7
14.5481    4
14.5531    4
14.5581    7
14.5631    3
14.5681    6
14.5731    5
14.5781    9
14.5831   10
14.5881    6
14.5931   14
14.5981    6
14.6031    5
14.6081   10
14.6131    8
14.6181    5
14.6231    6
14.6281    9
14.6331    3
14.6381   10
14.6431   10
14.6481    6
14.6531    8
14.6581   10
14.6631    8
14.6681    7
14.6731    6
14.6781    5
14.6831    8
14.6881    8
14.6931    3
14.6981    9
14.7031   12
14.7081    5
14.7131    5
14.7181    9
14.7231    9
14.7281   10
14.7331   10
14.7381    6
14.7431   12
14.7481    2
14.7531    6
14.7581   12
14.7631    6
14.7681    9
14.7731    8
14.7781    5
14.7831    2
14.7881    9
14.7931    5
14.7981    3
14.8031   14
14.8081    3
14.8131    6
14.8181    7
14.8231    5
14.8281    7
14.8331    6
14.8381   10
14.8431   15
14.8481    2
14.8531    6
14.8581    2
14.8631    9
14.8681    7
14.8731    5
14.8781    4
14.8831    9
14.8881    7
14.8931    5
14.8981    5
14.9031    6
14.9081    4
14.9131    3
14.9181    6
14.9231   10
14.9281   11
14.9331   10
14.9381    8
14.9431    5
14.9481    7
14.9531    5
14.9581   10
14.9631    4
14.9681    6
14.9731    8
14.9781    2
14.9831    5
14.9881    7
14.9931    3
14.9981    7
15.0031    4
15.0081    8
15.0131    9
15.0181   10
15.0231    8
15.0281    4
15.0331    7
15.0381    5
15.0431    3
15.0481    9
15.0531    5
15.0581    5
15.0631    2
15.0681    5
15.0731    6
15.0781    3
15.0831    4
15.0881    4
15.0931    4
15.0981    3
15.1031    5
15.1081   10
15.1131    7
15.1181    5
15.1231   11
15.1281    2
15.1331    2
15.1381    8
15.1431    7
15.1481    8
15.1531    2
15.1581   10
15.1631    5
15.1681    2
15.1731    6
15.1781    8
15.1831    7
15.1881   10
15.1931    5
15.1981    6
15.2031    8
15.2081    6
15.2131    7
15.2181    5
15.2231    8
15.2281    8
15.2331    5
15.2381    6
15.2431    3
15.2481    4
15.2531    6
15.2581    6
15.2631    7
15.2681   12
15.2731    4
15.2781    6
15.2831    5
15.2881    4
15.2931    8
15.2981    5
15.3031    5
15.3081    3
15.3131    4
15.3181    5
15.3231    8
15.3281    4
15.3331   10
15.3381   10
15.3431    5
15.3481    2
15.3531    5
15.3581    2
15.3631    7
15.3681    6
15.3731    3
15.3781    6
15.3831    3
15.3881    0
15.3931    3
15.3981    8
15.4031    5
15.4081    6
15.4131    6
15.4181    4
15.4231    4
15.4281    3
15.4331    4
15.4381    6
15.4431    4
15.4481    4
15.4531    4
15.4581    7
15.4631    4
15.4681    2
15.4731    1
15.4781    6
15.4831    5
15.4881    8
15.4931    2
15.4981    6
15.5031    8
15.5081    8
15.5131    6
15.5181    5
15.5231    7
15.5281    7
15.5331    7
15.5381    2
15.5431    7
15.5481    3
15.5531    3
15.5581    5
15.5631   11
15.5681    2
15.5731    1
15.5781    2
15.5831    8
15.5881   10
15.5931    3
15.5981   10
15.6031    7
15.6081    1
15.6131    6
15.6181    5
15.6231    8
15.6281    0
15.6331    6
15.6381    6
15.6431    8
15.6481    4
15.6531    7
15.6581    6
15.6631    5
15.6681    3
15.6731    9
15.6781    6
15.6831    5
15.6881    6
15.6931    2
15.6981    4
15.7031    4
15.7081    6
15.7131    5
15.7181    5
15.7231    5
15.7281    6
15.7331    5
15.7381    5
15.7431    6
15.7481    4
15.7531    8
15.7581    7
15.7631    5
15.7681    4
15.7731    5
15.7781    6
15.7831    5
15.7881    7
15.7931    7
15.7981    7
15.8031    4
15.8081    4
15.8131    7
15.8181    7
15.8231    2
15.8281    3
15.8331    3
15.8381   10
15.8431    4
15.8481    5
15.8531    8
15.8581    7
15.8631    4
15.8681    5
15.8731    5
15.8781    3
15.8831    4
15.8881    4
15.8931    7
15.8981    8
15.9031    3
15.9081    3
15.9131    4
15.9181    6
15.9231   12
15.9281    4
15.9331    3
15.9381    8
15.9431    3
15.9481    3
15.9531    3
15.9581    2
15.9631    3
15.9681    1
15.9731    3
15.9781    3
15.9831    2
15.9881    6
15.9931    8
15.9981    7
16.0031    5
16.0081    8
16.0131    4
16.0181    5
16.0231    5
16.0281    6
16.0331    3
16.0381    7
16.0431    6
16.0481    2
16.0531    4
16.0581    1
16.0631    4
16.0681    4
16.0731    4
16.0781    7
16.0831    9
16.0881    7
16.0931    2
16.0981    3
16.1031    3
16.1081   10
16.1131    6
16.1181    3
16.1231    3
16.1281    4
16.1331    4
16.1381    5
16.1431    2
16.1481    7
16.1531    0
16.1581    4
16.1631    5
16.1681    3
16.1731    6
16.1781    6
16.1831    7
16.1881    4
16.1931    3
16.1981    2
16.2031    5
16.2081    4
16.2131    5
16.2181    3
16.2231    5
16.2281    4
16.2331    4
16.2381    5
16.2431    6
16.2481    7
16.2531    5
16.2581    5
16.2631    4
16.2681    2
16.2731    2
16.2781    2
16.2831    4
16.2881    7
16.2931    7
16.2981    4
16.3031    5
16.3081    5
16.3131    2
16.3181    4
16.3231    2
16.3281    6
16.3331    5
16.3381    4
16.3431    9
16.3481    5
16.3531    0
16.3581    2
16.3631    5
16.3681    6
16.3731    6
16.3781    6
16.3831    3
16.3881    4
16.3931    5
16.3981    9
16.4031    2
16.4081    6
16.4131    6
16.4181    5
16.4231    7
16.4281    2
16.4331    3
16.4381    4
16.4431    6
16.4481    4
16.4531    2
16.4581    4
16.4631    4
16.4681    7
16.4731   11
16.4781    8
16.4831    5
16.4881    1
16.4931    2
16.4981    9
16.5031    4
16.5081    3
16.5131    2
16.5181    5
16.5231    4
16.5281    3
16.5331    3
16.5381    5
16.5431    7
16.5481    1
16.5531    4
16.5581    7
16.5631    4
16.5681    4
16.5731    7
16.5781    3
16.5831    3
16.5881    5
16.5931    2
16.5981    4
16.6031    3
16.6081    3
16.6131    4
16.6181    2
16.6231    6
16.6281    4
16.6331    2
16.6381    2
16.6431    4
16.6481    2
16.6531    3
16.6581    5
16.6631    7
16.6681    3
16.6731    2
16.6781    2
16.6831    3
16.6881    3
16.6931    3
16.6981    6
16.7031    3
16.7081    4
16.7131    4
16.7181    3
16.7231    8
16.7281    3
16.7331    5
16.7381    3
16.7431    6
16.7481    5
16.7531    2
16.7581    6
16.7631    7
16.7681    4
16.7731    2
16.7781    2
16.7831    5
16.7881    8
16.7931    2
16.7981    4
16.8031    2
16.8081    3
16.8131    2
16.8181    4
16.8231    3
16.8281    6
16.8331    4
16.8381    9
16.8431    4
16.8481    1
16.8531    2
16.8581    4
16.8631    4
16.8681    3
16.8731    5
16.8781    3
16.8831    4
16.8881    4
16.8931    6
16.8981   10
16.9031    2
16.9081    4
16.9131    4
16.9181    4
16.9231    3
16.9281    7
16.9331    1
16.9381    6
16.9431    5
16.9481    7
16.9531    7
16.9581    4
16.9631    4
16.9681    5
16.9731    1
16.9781    4
16.9831    1
16.9881    9
16.9931    5
16.9981    5
17.0031    2
17.0081    3
17.0131    5
17.0181    5
17.0231    3
17.0281    8
17.0331    3
17.0381    2
17.0431    1
17.0481    3
17.0531    2
17.0581    4
17.0631    2
17.0681    3
17.0731    4
17.0781    4
17.0831    5
17.0881    9
17.0931    6
17.0981    3
17.1031    4
17.1081    5
17.1131    5
17.1181    7
17.1231    5
17.1281    5
17.1331    0
17.1381    2
17.1431    0
17.1481    5
17.1531    3
17.1581    5
17.1631    2
17.1681    0
17.1731    5
17.1781    4
17.1831    7
17.1881    4
17.1931    2
17.1981    2
17.2031    1
17.2081    2
17.2131    3
17.2181    2
17.2231    1
17.2281    1
17.2331    1
17.2381    5
17.2431    2
17.2481    1
17.2531    2
17.2581    5
17.2631    2
17.2681    3
17.2731    6
17.2781    2
17.2831    2
17.2881    6
17.2931    1
17.2981    2
17.3031    5
17.3081    3
17.3131    4
17.3181    3
17.3231    6
17.3281    2
17.3331    2
17.3381    4
17.3431    5
17.3481    5
17.3531    2
17.3581    6
17.3631    5
17.3681    5
17.3731    4
17.3781    5
17.3831    1
17.3881    6
17.3931    2
17.3981    5
17.4031    2
17.4081    1
17.4131    6
17.4181    3
17.4231    4
17.4281    7
17.4331    6
17.4381    4
17.4431    1
17.4481    0
17.4531    1
17.4581    7
17.4631    4
17.4681    1
17.4731    6
17.4781    1
17.4831    5
17.4881    4
17.4931    1
17.4981    6
17.5031    1
17.5081    1
17.5131    2
17.5181    2
17.5231    3
17.5281    3
17.5331    3
17.5381    1
17.5431    3
17.5481    3
17.5531    4
17.5581    1
17.5631    2
17.5681    5
17.5731    4
17.5781    6
17.5831    3
17.5881    4
17.5931    3
17.5981    2
17.6031    6
17.6081    6
17.6131    5
17.6181    3
17.6231    4
17.6281    1
17.6331    5
17.6381    3
17.6431    3
17.6481    3
17.6531    9
17.6581    4
17.6631    3
17.6681    5
17.6731    3
17.6781    4
17.6831    6
17.6881    3
17.6931    3
17.6981    0
17.7031    3
17.7081    4
17.7131    1
17.7181    4
17.7231    3
17.7281    6
17.7331    2
17.7381    0
17.7431    3
17.7481    1
17.7531    3
17.7581    7
17.7631    8
17.7681    1
17.7731    2
17.7781    3
17.7831    4
17.7881    4
17.7931    2
17.7981    0
17.8031    4
17.8081    2
17.8131    3
17.8181    2
17.8231    2
17.8281    4
17.8331    5
17.8381    0
17.8431    2
17.8481    0
17.8531    1
17.8581    4
17.8631    7
17.8681    4
17.8731    1
17.8781    1
17.8831    2
17.8881    2
17.8931    4
17.8981    2
17.9031    3
17.9081    7
17.9131    5
17.9181    4
17.9231    3
17.9281    4
17.9331    1
17.9381    5
17.9431    1
17.9481    4
17.9531    2
17.9581    6
17.9631    2
17.9681    2
17.9731    1
17.9781    1
17.9831    5
17.9881    3
17.9931    8
17.9981    2
18.0031    6
18.0081    3
18.0131    1
18.0181    6
18.0231    5
18.0281    2
18.0331    3
18.0381    1
18.0431    6
18.0481    0
18.0531    6
18.0581    2
18.0631    2
18.0681    3
18.0731    2
18.0781    0
18.0831    5
18.0881    4
18.0931    4
18.0981    7
18.1031    0
18.1081    1
18.1131    1
18.1181    0
18.1231    3
18.1281    0
18.1331    4
18.1381    4
18.1431    2
18.1481    4
18.1531    2
18.1581    4
18.1631    2
18.1681    0
18.1731    1
18.1781    3
18.1831    3
18.1881    0
18.1931    2
18.1981    1
18.2031    3
18.2081    3
18.2131    3
18.2181    2
18.2231    3
18.2281    1
18.2331    2
18.2381    5
18.2431    1
18.2481    3
18.2531    2
18.2581    6
18.2631    3
18.2681    2
18.2731    1
18.2781    3
18.2831    3
18.2881    1
18.2931    1
18.2981    1
18.3031    1
18.3081    3
18.3131    1
18.3181    8
18.3231    3
18.3281    3
18.3331    0
18.3381    0
18.3431    2
18.3481    1
18.3531    1
18.3581    3
18.3631    3
18.3681    3
18.3731    0
18.3781    0
18.3831    3
18.3881    2
18.3931    1
18.3981    3
18.4031    3
18.4081    4
18.4131    1
18.4181    0
18.4231    2
18.4281    3
18.4331    3
18.4381    0
18.4431    4
18.4481    5
18.4531    2
18.4581    1
18.4631    3
18.4681    6
18.4731    0
18.4781    2
18.4831    0
18.4881    3
18.4931    2
18.4981    2
18.5031    2
18.5081    1
18.5131    1
18.5181    1
18.5231    4
18.5281    1
18.5331    3
18.5381    1
18.5431    2
18.5481    3
18.5531    0
18.5581    3
18.5631    2
18.5681    4
18.5731    2
18.5781    2
18.5831    4
18.5881    4
18.5931    2
18.5981    1
18.6031    0
18.6081    5
18.6131    4
18.6181    1
18.6231    2
18.6281    3
18.6331    1
18.6381    4
18.6431    6
18.6481    3
18.6531    1
18.6581    3
18.6631    4
18.6681    4
18.6731    5
18.6781    1
18.6831    0
18.6881    4
18.6931    8
18.6981    3
18.7031    0
18.7081    1
18.7131    1
18.7181    2
18.7231    0
18.7281    2
18.7331    4
18.7381    4
18.7431    1
18.7481    0
18.7531    1
18.7581    4
18.7631    4
18.7681    3
18.7731    2
18.7781    2
18.7831    2
18.7881    2
18.7931    0
18.7981    2
18.8031    2
18.8081    2
18.8131    1
18.8181    5
18.8231    6
18.8281    6
18.8331    1
18.8381    3
18.8431    1
18.8481    0
18.8531    2
18.8581    1
18.8631    3
18.8681    2
18.8731    1
18.8781    2
18.8831    2
18.8881    1
18.8931    3
18.8981    1
18.9031    6
18.9081    0
18.9131    6
18.9181    1
18.9231    1
18.9281    5
18.9331    2
18.9381    1
18.9431    1
18.9481    4
18.9531    4
18.9581    3
18.9631    2
18.9681    6
18.9731    0
18.9781    2
18.9831    3
18.9881    1
18.9931    3
18.9981    1
19.0031    1
19.0081    0
19.0131    2
19.0181    1
19.0231    1
19.0281    2
19.0331    2
19.0381    2
19.0431    1
19.0481    2
19.0531    4
19.0581    2
19.0631    1
19.0681    3
19.0731    4
19.0781    0
19.0831    2
19.0881    2
19.0931    1
19.0981    4
19.1031    1
19.1081    2
19.1131    2
19.1181    1
19.1231    0
19.1281    4
19.1331    2
19.1381    1
19.1431    2
19.1481    0
19.1531    1
19.1581    4
19.1631    2
19.1681    3
19.1731    3
19.1781    0
19.1831    1
19.1881    2
19.1931    2
19.1981    2
19.2031    2
19.2081    3
19.2131    0
19.2181    3
19.2231    1
19.2281    0
19.2331    3
19.2381    4
19.2431    1
19.2481    4
19.2531    4
19.2581    1
19.2631    3
19.2681    3
19.2731    1
19.2781    2
19.2831    1
19.2881    0
19.2931    3
19.2981    1
19.3031    1
19.3081    1
19.3131    4
19.3181    4
19.3231    1
19.3281    2
19.3331    1
19.3381    4
19.3431    4
19.3481    2
19.3531    4
19.3581    1
19.3631    2
19.3681    3
19.3731    4
19.3781    1
19.3831    1
19.3881    1
19.3931    4
19.3981    1
19.4031    4
19.4081    3
19.4131    2
19.4181    2
19.4231    1
19.4281    1
19.4331    1
19.4381    1
19.4431    1
19.4481    2
19.4531    0
19.4581    5
19.4631    3
19.4681    4
19.4731    3
19.4781    1
19.4831    1
19.4881    2
19.4931    0
19.4981    2
19.5031    2
19.5081    1
19.5131    0
19.5181    1
19.5231    2
19.5281    0
19.5331    1
19.5381    2
19.5431    4
19.5481    1
19.5531    4
19.5581    2
19.5631    3
19.5681    0
19.5731    2
19.5781    2
19.5831    1
19.5881    1
19.5931    3
19.5981    1
19.6031    1
19.6081    0
19.6131    0
19.6181    1
19.6231    1
19.6281    4
19.6331    3
19.6381    3
19.6431    1
19.6481    4
19.6531    2
19.6581    0
19.6631    0
19.6681    0
19.6731    3
19.6781    2
19.6831    6
19.6881    0
19.6931    1
19.6981    2
19.7031    3
19.7081    1
19.7131    0
19.7181    0
19.7231    0
19.7281    3
19.7331    3
19.7381    1
19.7431    1
19.7481    3
19.7531    2
19.7581    2
19.7631    2
19.7681    3
19.7731    4
19.7781    2
19.7831    2
19.7881    1
19.7931    1
19.7981    1
19.8031    1
19.8081    4
19.8131    2
19.8181    1
19.8231    0
19.8281    1
19.8331    1
19.8381    1
19.8431    2
19.8481    0
19.8531    2
19.8581    3
19.8631    0
19.8681    1
19.8731    2
19.8781    2
19.8831    1
19.8881    3
19.8931    2
19.8981    1
19.9031    2
19.9081    1
19.9131    1
19.9181    1
19.9231    4
19.9281    3
19.9331    0
19.9381    1
19.9431    1
19.9481    0
19.9531    3
19.9581    2
19.9631    1
19.9681    0
19.9731    2
19.9781    1
19.9831    2
19.9881    1
19.9931    1
19.9981    2
