Bruker Nano GmbH Berlin, Germany
Esprit 1.9

Date: 9/14/2017 7:52:34 PM
Real time: 37560
Life time: 33545
Pulse density: 7457

Primary energy: 30
Take off angle: 35
Tilt angle: 0
Azimut angle: 45

Detector type: XFlash 6|30
Window type: slew AP3.3
Detector thickness: 0.45
Si dead layer:0.029

Calibration, lin.: 5
Calibration, abs.: -476.9
Mn FWHM: 126.373
Fano factor: 0.11
Channels: 4096

Energy Counts
-0.4769    0
-0.4719    0
-0.4669    0
-0.4619    0
-0.4569    0
-0.4519    0
-0.4469    0
-0.4419    0
-0.4369    0
-0.4319    0
-0.4269    0
-0.4219    0
-0.4169    0
-0.4119    0
-0.4069    0
-0.4019    0
-0.3969    0
-0.3919    0
-0.3869    0
-0.3819    0
-0.3769    0
-0.3719    0
-0.3669    0
-0.3619    0
-0.3569    0
-0.3519    0
-0.3469    0
-0.3419    0
-0.3369    0
-0.3319    0
-0.3269    0
-0.3219    0
-0.3169    0
-0.3119    0
-0.3069    0
-0.3019    0
-0.2969    0
-0.2919    0
-0.2869    0
-0.2819    0
-0.2769    0
-0.2719    0
-0.2669    0
-0.2619    0
-0.2569    0
-0.2519    0
-0.2469    0
-0.2419    0
-0.2369    0
-0.2319    0
-0.2269    0
-0.2219    0
-0.2169    0
-0.2119    0
-0.2069    0
-0.2019    0
-0.1969    0
-0.1919    0
-0.1869    0
-0.1819    0
-0.1769    0
-0.1719    0
-0.1669    0
-0.1619    0
-0.1569    0
-0.1519    0
-0.1469    0
-0.1419    0
-0.1369    0
-0.1319    0
-0.1269    0
-0.1219    0
-0.1169    0
-0.1119    0
-0.1069    0
-0.1019    0
-0.0969    0
-0.0919    0
-0.0869    0
-0.0819    2
-0.0769    2
-0.0719    5
-0.0669   15
-0.0619   29
-0.0569   57
-0.0519  117
-0.0469  252
-0.0419  444
-0.0369  781
-0.0319 1221
-0.0269 1985
-0.0219 2703
-0.0169 3474
-0.0119 4279
-0.0069 4891
-0.0019 5105
 0.0031 5140
 0.0081 4729
 0.0131 3967
 0.0181 3251
 0.0231 2453
 0.0281 1697
 0.0331 1133
 0.0381  670
 0.0431  392
 0.0481  208
 0.0531  109
 0.0581   55
 0.0631   27
 0.0681   11
 0.0731    4
 0.0781    2
 0.0831    1
 0.0881    1
 0.0931    1
 0.0981    0
 0.1031    0
 0.1081    0
 0.1131    0
 0.1181   10
 0.1231   21
 0.1281   15
 0.1331   18
 0.1381   13
 0.1431    9
 0.1481    0
 0.1531    5
 0.1581   17
 0.1631   19
 0.1681   13
 0.1731    2
 0.1781    8
 0.1831   10
 0.1881   14
 0.1931   16
 0.1981   20
 0.2031   14
 0.2081   20
 0.2131   16
 0.2181   21
 0.2231   19
 0.2281   21
 0.2331   28
 0.2381   41
 0.2431   40
 0.2481   43
 0.2531   63
 0.2581   92
 0.2631   82
 0.2681  110
 0.2731  101
 0.2781  111
 0.2831   98
 0.2881   92
 0.2931   88
 0.2981   68
 0.3031   54
 0.3081   41
 0.3131   32
 0.3181   28
 0.3231   21
 0.3281   20
 0.3331   19
 0.3381    8
 0.3431    2
 0.3481    3
 0.3531    8
 0.3581    6
 0.3631   12
 0.3681   11
 0.3731    6
 0.3781    9
 0.3831    9
 0.3881    9
 0.3931   13
 0.3981    9
 0.4031    7
 0.4081    8
 0.4131    6
 0.4181    7
 0.4231    8
 0.4281    8
 0.4331    9
 0.4381   12
 0.4431   17
 0.4481   15
 0.4531   15
 0.4581   15
 0.4631   12
 0.4681    8
 0.4731   15
 0.4781   12
 0.4831   20
 0.4881   24
 0.4931   24
 0.4981   28
 0.5031   32
 0.5081   34
 0.5131   34
 0.5181   37
 0.5231   45
 0.5281   41
 0.5331   35
 0.5381   36
 0.5431   37
 0.5481   26
 0.5531   21
 0.5581   11
 0.5631   18
 0.5681   17
 0.5731   15
 0.5781   19
 0.5831   15
 0.5881   29
 0.5931   15
 0.5981   13
 0.6031   23
 0.6081   14
 0.6131   19
 0.6181   17
 0.6231   27
 0.6281   14
 0.6331   17
 0.6381   16
 0.6431   21
 0.6481   19
 0.6531   28
 0.6581   24
 0.6631   24
 0.6681   21
 0.6731   19
 0.6781   22
 0.6831   31
 0.6881   21
 0.6931   26
 0.6981   34
 0.7031   27
 0.7081   19
 0.7131   36
 0.7181   41
 0.7231   24
 0.7281   30
 0.7331   27
 0.7381   31
 0.7431   26
 0.7481   23
 0.7531   28
 0.7581   21
 0.7631   31
 0.7681   35
 0.7731   29
 0.7781   34
 0.7831   40
 0.7881   34
 0.7931   32
 0.7981   30
 0.8031   35
 0.8081   33
 0.8131   42
 0.8181   28
 0.8231   41
 0.8281   36
 0.8331   38
 0.8381   37
 0.8431   37
 0.8481   43
 0.8531   42
 0.8581   59
 0.8631   37
 0.8681   45
 0.8731   50
 0.8781   40
 0.8831   38
 0.8881   49
 0.8931   54
 0.8981   46
 0.9031   45
 0.9081   52
 0.9131   51
 0.9181   50
 0.9231   48
 0.9281   30
 0.9331   35
 0.9381   37
 0.9431   42
 0.9481   37
 0.9531   68
 0.9581   73
 0.9631   67
 0.9681   64
 0.9731   77
 0.9781  101
 0.9831   96
 0.9881   97
 0.9931  112
 0.9981  145
 1.0031  137
 1.0081  118
 1.0131  153
 1.0181  126
 1.0231  145
 1.0281  136
 1.0331  134
 1.0381  130
 1.0431  112
 1.0481  125
 1.0531   98
 1.0581   92
 1.0631   74
 1.0681   91
 1.0731   62
 1.0781   84
 1.0831   72
 1.0881   47
 1.0931   63
 1.0981   60
 1.1031   64
 1.1081   61
 1.1131   59
 1.1181   60
 1.1231   64
 1.1281   49
 1.1331   50
 1.1381   77
 1.1431   71
 1.1481   68
 1.1531   59
 1.1581   58
 1.1631   78
 1.1681   76
 1.1731   71
 1.1781   62
 1.1831   63
 1.1881   68
 1.1931   67
 1.1981   64
 1.2031   67
 1.2081   77
 1.2131   76
 1.2181   70
 1.2231   69
 1.2281   78
 1.2331   60
 1.2381   73
 1.2431   85
 1.2481   91
 1.2531   73
 1.2581   70
 1.2631   66
 1.2681   78
 1.2731   88
 1.2781   81
 1.2831   76
 1.2881   78
 1.2931   82
 1.2981   84
 1.3031  100
 1.3081   99
 1.3131  102
 1.3181  106
 1.3231  108
 1.3281  127
 1.3331  122
 1.3381  142
 1.3431  167
 1.3481  168
 1.3531  178
 1.3581  233
 1.3631  210
 1.3681  210
 1.3731  235
 1.3781  244
 1.3831  256
 1.3881  259
 1.3931  232
 1.3981  254
 1.4031  236
 1.4081  218
 1.4131  220
 1.4181  200
 1.4231  189
 1.4281  150
 1.4331  156
 1.4381  150
 1.4431  140
 1.4481  130
 1.4531  134
 1.4581  118
 1.4631  131
 1.4681  113
 1.4731  104
 1.4781  113
 1.4831  122
 1.4881  106
 1.4931  100
 1.4981  106
 1.5031  103
 1.5081  101
 1.5131   97
 1.5181  101
 1.5231  103
 1.5281  100
 1.5331  102
 1.5381  100
 1.5431   88
 1.5481  106
 1.5531  107
 1.5581  107
 1.5631   91
 1.5681  101
 1.5731   86
 1.5781   74
 1.5831   85
 1.5881   89
 1.5931   75
 1.5981   93
 1.6031  109
 1.6081   99
 1.6131   84
 1.6181  112
 1.6231  109
 1.6281  100
 1.6331  111
 1.6381  111
 1.6431  116
 1.6481  119
 1.6531  128
 1.6581  136
 1.6631  137
 1.6681  153
 1.6731  166
 1.6781  184
 1.6831  200
 1.6881  242
 1.6931  279
 1.6981  333
 1.7031  422
 1.7081  506
 1.7131  622
 1.7181  745
 1.7231  894
 1.7281 1112
 1.7331 1364
 1.7381 1613
 1.7431 1874
 1.7481 2141
 1.7531 2348
 1.7581 2578
 1.7631 2750
 1.7681 2980
 1.7731 3114
 1.7781 3174
 1.7831 3238
 1.7881 3148
 1.7931 3044
 1.7981 2900
 1.8031 2805
 1.8081 2665
 1.8131 2471
 1.8181 2232
 1.8231 2024
 1.8281 1883
 1.8331 1739
 1.8381 1568
 1.8431 1414
 1.8481 1281
 1.8531 1137
 1.8581  975
 1.8631  846
 1.8681  749
 1.8731  648
 1.8781  547
 1.8831  457
 1.8881  344
 1.8931  274
 1.8981  230
 1.9031  186
 1.9081  160
 1.9131  128
 1.9181   98
 1.9231   75
 1.9281   62
 1.9331   61
 1.9381   57
 1.9431   48
 1.9481   49
 1.9531   49
 1.9581   49
 1.9631   57
 1.9681   54
 1.9731   60
 1.9781   66
 1.9831   68
 1.9881   66
 1.9931   64
 1.9981   74
 2.0031   81
 2.0081   84
 2.0131   85
 2.0181   83
 2.0231   91
 2.0281  107
 2.0331   99
 2.0381   92
 2.0431   87
 2.0481   73
 2.0531   84
 2.0581   86
 2.0631   64
 2.0681   60
 2.0731   65
 2.0781   67
 2.0831   64
 2.0881   57
 2.0931   50
 2.0981   43
 2.1031   41
 2.1081   52
 2.1131   46
 2.1181   38
 2.1231   42
 2.1281   35
 2.1331   39
 2.1381   38
 2.1431   36
 2.1481   41
 2.1531   36
 2.1581   38
 2.1631   44
 2.1681   44
 2.1731   37
 2.1781   31
 2.1831   37
 2.1881   39
 2.1931   43
 2.1981   46
 2.2031   43
 2.2081   51
 2.2131   51
 2.2181   48
 2.2231   40
 2.2281   36
 2.2331   38
 2.2381   38
 2.2431   37
 2.2481   41
 2.2531   53
 2.2581   48
 2.2631   38
 2.2681   32
 2.2731   42
 2.2781   40
 2.2831   44
 2.2881   44
 2.2931   47
 2.2981   46
 2.3031   51
 2.3081   51
 2.3131   54
 2.3181   42
 2.3231   53
 2.3281   43
 2.3331   36
 2.3381   46
 2.3431   44
 2.3481   46
 2.3531   50
 2.3581   55
 2.3631   41
 2.3681   45
 2.3731   58
 2.3781   48
 2.3831   50
 2.3881   48
 2.3931   43
 2.3981   49
 2.4031   54
 2.4081   49
 2.4131   43
 2.4181   52
 2.4231   48
 2.4281   38
 2.4331   39
 2.4381   37
 2.4431   48
 2.4481   34
 2.4531   39
 2.4581   48
 2.4631   42
 2.4681   36
 2.4731   32
 2.4781   33
 2.4831   32
 2.4881   39
 2.4931   41
 2.4981   39
 2.5031   33
 2.5081   40
 2.5131   50
 2.5181   43
 2.5231   33
 2.5281   32
 2.5331   32
 2.5381   33
 2.5431   39
 2.5481   35
 2.5531   41
 2.5581   41
 2.5631   41
 2.5681   47
 2.5731   41
 2.5781   35
 2.5831   34
 2.5881   49
 2.5931   46
 2.5981   40
 2.6031   43
 2.6081   43
 2.6131   38
 2.6181   46
 2.6231   42
 2.6281   37
 2.6331   36
 2.6381   31
 2.6431   44
 2.6481   33
 2.6531   36
 2.6581   44
 2.6631   47
 2.6681   34
 2.6731   36
 2.6781   38
 2.6831   46
 2.6881   29
 2.6931   28
 2.6981   34
 2.7031   37
 2.7081   36
 2.7131   37
 2.7181   48
 2.7231   37
 2.7281   40
 2.7331   44
 2.7381   39
 2.7431   35
 2.7481   46
 2.7531   42
 2.7581   50
 2.7631   52
 2.7681   43
 2.7731   45
 2.7781   40
 2.7831   46
 2.7881   40
 2.7931   49
 2.7981   39
 2.8031   43
 2.8081   44
 2.8131   33
 2.8181   32
 2.8231   47
 2.8281   39
 2.8331   40
 2.8381   30
 2.8431   35
 2.8481   41
 2.8531   32
 2.8581   44
 2.8631   43
 2.8681   37
 2.8731   52
 2.8781   43
 2.8831   39
 2.8881   49
 2.8931   49
 2.8981   41
 2.9031   47
 2.9081   47
 2.9131   31
 2.9181   34
 2.9231   41
 2.9281   40
 2.9331   45
 2.9381   31
 2.9431   37
 2.9481   37
 2.9531   31
 2.9581   42
 2.9631   56
 2.9681   47
 2.9731   48
 2.9781   44
 2.9831   43
 2.9881   34
 2.9931   42
 2.9981   35
 3.0031   41
 3.0081   46
 3.0131   45
 3.0181   50
 3.0231   46
 3.0281   46
 3.0331   47
 3.0381   33
 3.0431   40
 3.0481   46
 3.0531   43
 3.0581   46
 3.0631   49
 3.0681   48
 3.0731   39
 3.0781   50
 3.0831   39
 3.0881   38
 3.0931   50
 3.0981   43
 3.1031   44
 3.1081   33
 3.1131   35
 3.1181   48
 3.1231   46
 3.1281   44
 3.1331   34
 3.1381   48
 3.1431   48
 3.1481   43
 3.1531   42
 3.1581   55
 3.1631   47
 3.1681   42
 3.1731   39
 3.1781   47
 3.1831   54
 3.1881   48
 3.1931   34
 3.1981   44
 3.2031   52
 3.2081   38
 3.2131   41
 3.2181   45
 3.2231   43
 3.2281   43
 3.2331   44
 3.2381   27
 3.2431   36
 3.2481   55
 3.2531   44
 3.2581   47
 3.2631   42
 3.2681   36
 3.2731   49
 3.2781   50
 3.2831   55
 3.2881   50
 3.2931   46
 3.2981   46
 3.3031   45
 3.3081   48
 3.3131   36
 3.3181   44
 3.3231   45
 3.3281   53
 3.3331   40
 3.3381   44
 3.3431   44
 3.3481   47
 3.3531   54
 3.3581   43
 3.3631   36
 3.3681   35
 3.3731   40
 3.3781   50
 3.3831   39
 3.3881   46
 3.3931   46
 3.3981   47
 3.4031   41
 3.4081   57
 3.4131   54
 3.4181   42
 3.4231   52
 3.4281   51
 3.4331   53
 3.4381   46
 3.4431   37
 3.4481   38
 3.4531   44
 3.4581   52
 3.4631   48
 3.4681   47
 3.4731   46
 3.4781   41
 3.4831   44
 3.4881   44
 3.4931   49
 3.4981   47
 3.5031   51
 3.5081   52
 3.5131   45
 3.5181   38
 3.5231   34
 3.5281   51
 3.5331   55
 3.5381   57
 3.5431   50
 3.5481   56
 3.5531   57
 3.5581   49
 3.5631   52
 3.5681   45
 3.5731   53
 3.5781   54
 3.5831   55
 3.5881   45
 3.5931   40
 3.5981   54
 3.6031   44
 3.6081   56
 3.6131   55
 3.6181   54
 3.6231   62
 3.6281   57
 3.6331   51
 3.6381   45
 3.6431   45
 3.6481   49
 3.6531   40
 3.6581   48
 3.6631   45
 3.6681   56
 3.6731   56
 3.6781   57
 3.6831   57
 3.6881   44
 3.6931   51
 3.6981   51
 3.7031   49
 3.7081   39
 3.7131   43
 3.7181   37
 3.7231   54
 3.7281   50
 3.7331   53
 3.7381   55
 3.7431   42
 3.7481   48
 3.7531   47
 3.7581   61
 3.7631   51
 3.7681   47
 3.7731   48
 3.7781   48
 3.7831   41
 3.7881   56
 3.7931   48
 3.7981   39
 3.8031   45
 3.8081   38
 3.8131   48
 3.8181   54
 3.8231   44
 3.8281   43
 3.8331   46
 3.8381   51
 3.8431   55
 3.8481   55
 3.8531   42
 3.8581   55
 3.8631   40
 3.8681   59
 3.8731   53
 3.8781   44
 3.8831   35
 3.8881   60
 3.8931   51
 3.8981   53
 3.9031   44
 3.9081   53
 3.9131   45
 3.9181   53
 3.9231   58
 3.9281   52
 3.9331   51
 3.9381   54
 3.9431   50
 3.9481   55
 3.9531   50
 3.9581   52
 3.9631   40
 3.9681   57
 3.9731   50
 3.9781   66
 3.9831   65
 3.9881   52
 3.9931   54
 3.9981   46
 4.0031   50
 4.0081   50
 4.0131   50
 4.0181   43
 4.0231   58
 4.0281   47
 4.0331   55
 4.0381   52
 4.0431   44
 4.0481   47
 4.0531   51
 4.0581   62
 4.0631   60
 4.0681   56
 4.0731   59
 4.0781   50
 4.0831   49
 4.0881   46
 4.0931   46
 4.0981   58
 4.1031   58
 4.1081   48
 4.1131   56
 4.1181   47
 4.1231   39
 4.1281   44
 4.1331   55
 4.1381   47
 4.1431   41
 4.1481   43
 4.1531   59
 4.1581   47
 4.1631   49
 4.1681   43
 4.1731   45
 4.1781   49
 4.1831   41
 4.1881   48
 4.1931   52
 4.1981   62
 4.2031   52
 4.2081   59
 4.2131   54
 4.2181   53
 4.2231   40
 4.2281   40
 4.2331   49
 4.2381   49
 4.2431   57
 4.2481   57
 4.2531   48
 4.2581   42
 4.2631   48
 4.2681   55
 4.2731   63
 4.2781   55
 4.2831   41
 4.2881   48
 4.2931   61
 4.2981   46
 4.3031   53
 4.3081   43
 4.3131   48
 4.3181   48
 4.3231   53
 4.3281   45
 4.3331   53
 4.3381   46
 4.3431   45
 4.3481   47
 4.3531   54
 4.3581   51
 4.3631   52
 4.3681   57
 4.3731   52
 4.3781   46
 4.3831   53
 4.3881   57
 4.3931   63
 4.3981   60
 4.4031   52
 4.4081   51
 4.4131   56
 4.4181   54
 4.4231   55
 4.4281   48
 4.4331   49
 4.4381   46
 4.4431   43
 4.4481   49
 4.4531   60
 4.4581   65
 4.4631   55
 4.4681   52
 4.4731   57
 4.4781   52
 4.4831   57
 4.4881   45
 4.4931   45
 4.4981   52
 4.5031   56
 4.5081   56
 4.5131   52
 4.5181   53
 4.5231   58
 4.5281   55
 4.5331   57
 4.5381   53
 4.5431   50
 4.5481   53
 4.5531   56
 4.5581   51
 4.5631   43
 4.5681   40
 4.5731   50
 4.5781   51
 4.5831   44
 4.5881   56
 4.5931   60
 4.5981   49
 4.6031   41
 4.6081   34
 4.6131   43
 4.6181   52
 4.6231   55
 4.6281   53
 4.6331   53
 4.6381   51
 4.6431   50
 4.6481   50
 4.6531   46
 4.6581   47
 4.6631   48
 4.6681   49
 4.6731   54
 4.6781   53
 4.6831   47
 4.6881   55
 4.6931   60
 4.6981   53
 4.7031   56
 4.7081   51
 4.7131   50
 4.7181   52
 4.7231   49
 4.7281   50
 4.7331   54
 4.7381   53
 4.7431   52
 4.7481   50
 4.7531   50
 4.7581   56
 4.7631   57
 4.7681   50
 4.7731   53
 4.7781   52
 4.7831   55
 4.7881   61
 4.7931   62
 4.7981   63
 4.8031   55
 4.8081   50
 4.8131   51
 4.8181   50
 4.8231   60
 4.8281   64
 4.8331   54
 4.8381   49
 4.8431   57
 4.8481   59
 4.8531   50
 4.8581   52
 4.8631   51
 4.8681   56
 4.8731   52
 4.8781   47
 4.8831   45
 4.8881   49
 4.8931   58
 4.8981   52
 4.9031   48
 4.9081   48
 4.9131   57
 4.9181   58
 4.9231   55
 4.9281   57
 4.9331   55
 4.9381   52
 4.9431   56
 4.9481   58
 4.9531   55
 4.9581   55
 4.9631   54
 4.9681   48
 4.9731   52
 4.9781   51
 4.9831   50
 4.9881   46
 4.9931   47
 4.9981   45
 5.0031   48
 5.0081   52
 5.0131   60
 5.0181   66
 5.0231   49
 5.0281   41
 5.0331   44
 5.0381   50
 5.0431   55
 5.0481   55
 5.0531   55
 5.0581   53
 5.0631   53
 5.0681   54
 5.0731   53
 5.0781   51
 5.0831   61
 5.0881   51
 5.0931   52
 5.0981   60
 5.1031   62
 5.1081   58
 5.1131   51
 5.1181   55
 5.1231   53
 5.1281   50
 5.1331   59
 5.1381   52
 5.1431   54
 5.1481   49
 5.1531   50
 5.1581   53
 5.1631   56
 5.1681   54
 5.1731   53
 5.1781   57
 5.1831   67
 5.1881   70
 5.1931   58
 5.1981   51
 5.2031   51
 5.2081   52
 5.2131   52
 5.2181   51
 5.2231   54
 5.2281   65
 5.2331   54
 5.2381   56
 5.2431   65
 5.2481   62
 5.2531   52
 5.2581   58
 5.2631   52
 5.2681   49
 5.2731   53
 5.2781   59
 5.2831   48
 5.2881   42
 5.2931   52
 5.2981   49
 5.3031   54
 5.3081   51
 5.3131   53
 5.3181   52
 5.3231   53
 5.3281   59
 5.3331   58
 5.3381   60
 5.3431   53
 5.3481   47
 5.3531   49
 5.3581   50
 5.3631   51
 5.3681   51
 5.3731   51
 5.3781   56
 5.3831   54
 5.3881   60
 5.3931   45
 5.3981   54
 5.4031   49
 5.4081   51
 5.4131   54
 5.4181   61
 5.4231   47
 5.4281   62
 5.4331   52
 5.4381   61
 5.4431   54
 5.4481   47
 5.4531   44
 5.4581   58
 5.4631   54
 5.4681   46
 5.4731   64
 5.4781   45
 5.4831   51
 5.4881   55
 5.4931   58
 5.4981   56
 5.5031   59
 5.5081   51
 5.5131   49
 5.5181   55
 5.5231   53
 5.5281   58
 5.5331   67
 5.5381   49
 5.5431   51
 5.5481   44
 5.5531   57
 5.5581   55
 5.5631   49
 5.5681   47
 5.5731   48
 5.5781   54
 5.5831   52
 5.5881   57
 5.5931   53
 5.5981   54
 5.6031   46
 5.6081   52
 5.6131   52
 5.6181   50
 5.6231   46
 5.6281   54
 5.6331   54
 5.6381   47
 5.6431   57
 5.6481   55
 5.6531   42
 5.6581   46
 5.6631   44
 5.6681   56
 5.6731   47
 5.6781   57
 5.6831   55
 5.6881   55
 5.6931   47
 5.6981   42
 5.7031   46
 5.7081   50
 5.7131   52
 5.7181   47
 5.7231   44
 5.7281   46
 5.7331   62
 5.7381   65
 5.7431   66
 5.7481   51
 5.7531   54
 5.7581   53
 5.7631   46
 5.7681   53
 5.7731   51
 5.7781   53
 5.7831   54
 5.7881   44
 5.7931   52
 5.7981   58
 5.8031   51
 5.8081   54
 5.8131   49
 5.8181   60
 5.8231   54
 5.8281   47
 5.8331   56
 5.8381   50
 5.8431   51
 5.8481   57
 5.8531   53
 5.8581   48
 5.8631   49
 5.8681   55
 5.8731   53
 5.8781   45
 5.8831   51
 5.8881   49
 5.8931   53
 5.8981   58
 5.9031   52
 5.9081   50
 5.9131   40
 5.9181   54
 5.9231   44
 5.9281   41
 5.9331   45
 5.9381   53
 5.9431   43
 5.9481   44
 5.9531   47
 5.9581   48
 5.9631   53
 5.9681   48
 5.9731   53
 5.9781   50
 5.9831   55
 5.9881   57
 5.9931   46
 5.9981   64
 6.0031   55
 6.0081   43
 6.0131   50
 6.0181   48
 6.0231   54
 6.0281   55
 6.0331   58
 6.0381   48
 6.0431   48
 6.0481   41
 6.0531   45
 6.0581   44
 6.0631   41
 6.0681   49
 6.0731   59
 6.0781   40
 6.0831   53
 6.0881   53
 6.0931   59
 6.0981   40
 6.1031   53
 6.1081   52
 6.1131   54
 6.1181   56
 6.1231   52
 6.1281   47
 6.1331   48
 6.1381   60
 6.1431   54
 6.1481   45
 6.1531   40
 6.1581   51
 6.1631   42
 6.1681   40
 6.1731   45
 6.1781   51
 6.1831   47
 6.1881   61
 6.1931   51
 6.1981   55
 6.2031   51
 6.2081   44
 6.2131   50
 6.2181   57
 6.2231   51
 6.2281   52
 6.2331   56
 6.2381   56
 6.2431   41
 6.2481   58
 6.2531   38
 6.2581   45
 6.2631   59
 6.2681   51
 6.2731   56
 6.2781   46
 6.2831   58
 6.2881   46
 6.2931   71
 6.2981   59
 6.3031   63
 6.3081   56
 6.3131   55
 6.3181   72
 6.3231   72
 6.3281   75
 6.3331   80
 6.3381   59
 6.3431   83
 6.3481   80
 6.3531   89
 6.3581  112
 6.3631  106
 6.3681  118
 6.3731   97
 6.3781   88
 6.3831  100
 6.3881  111
 6.3931  102
 6.3981  101
 6.4031   94
 6.4081   97
 6.4131  102
 6.4181  119
 6.4231   98
 6.4281  110
 6.4331  101
 6.4381  103
 6.4431  106
 6.4481   84
 6.4531   79
 6.4581   84
 6.4631   84
 6.4681   76
 6.4731   86
 6.4781   88
 6.4831   74
 6.4881   60
 6.4931   70
 6.4981   59
 6.5031   64
 6.5081   39
 6.5131   66
 6.5181   64
 6.5231   39
 6.5281   49
 6.5331   54
 6.5381   59
 6.5431   47
 6.5481   48
 6.5531   44
 6.5581   60
 6.5631   46
 6.5681   53
 6.5731   47
 6.5781   39
 6.5831   38
 6.5881   75
 6.5931   38
 6.5981   44
 6.6031   49
 6.6081   43
 6.6131   62
 6.6181   48
 6.6231   49
 6.6281   59
 6.6331   56
 6.6381   39
 6.6431   45
 6.6481   45
 6.6531   36
 6.6581   41
 6.6631   40
 6.6681   47
 6.6731   46
 6.6781   34
 6.6831   42
 6.6881   53
 6.6931   30
 6.6981   38
 6.7031   41
 6.7081   52
 6.7131   56
 6.7181   50
 6.7231   44
 6.7281   56
 6.7331   44
 6.7381   50
 6.7431   46
 6.7481   39
 6.7531   45
 6.7581   42
 6.7631   62
 6.7681   49
 6.7731   58
 6.7781   57
 6.7831   47
 6.7881   52
 6.7931   45
 6.7981   39
 6.8031   44
 6.8081   50
 6.8131   38
 6.8181   40
 6.8231   37
 6.8281   44
 6.8331   46
 6.8381   43
 6.8431   47
 6.8481   64
 6.8531   41
 6.8581   50
 6.8631   50
 6.8681   40
 6.8731   45
 6.8781   53
 6.8831   50
 6.8881   54
 6.8931   36
 6.8981   49
 6.9031   51
 6.9081   44
 6.9131   35
 6.9181   46
 6.9231   43
 6.9281   48
 6.9331   56
 6.9381   48
 6.9431   47
 6.9481   49
 6.9531   50
 6.9581   46
 6.9631   49
 6.9681   53
 6.9731   54
 6.9781   53
 6.9831   45
 6.9881   44
 6.9931   42
 6.9981   55
 7.0031   58
 7.0081   54
 7.0131   52
 7.0181   52
 7.0231   50
 7.0281   56
 7.0331   45
 7.0381   57
 7.0431   57
 7.0481   53
 7.0531   52
 7.0581   52
 7.0631   60
 7.0681   54
 7.0731   53
 7.0781   69
 7.0831   50
 7.0881   56
 7.0931   52
 7.0981   57
 7.1031   44
 7.1081   35
 7.1131   43
 7.1181   48
 7.1231   60
 7.1281   47
 7.1331   55
 7.1381   54
 7.1431   41
 7.1481   45
 7.1531   50
 7.1581   47
 7.1631   50
 7.1681   56
 7.1731   44
 7.1781   52
 7.1831   44
 7.1881   47
 7.1931   47
 7.1981   42
 7.2031   42
 7.2081   46
 7.2131   39
 7.2181   46
 7.2231   40
 7.2281   42
 7.2331   62
 7.2381   47
 7.2431   42
 7.2481   53
 7.2531   49
 7.2581   57
 7.2631   51
 7.2681   52
 7.2731   38
 7.2781   56
 7.2831   52
 7.2881   58
 7.2931   59
 7.2981   64
 7.3031   56
 7.3081   74
 7.3131   70
 7.3181   66
 7.3231   67
 7.3281   57
 7.3331   73
 7.3381   73
 7.3431   80
 7.3481   74
 7.3531   99
 7.3581   73
 7.3631   81
 7.3681   82
 7.3731  114
 7.3781   94
 7.3831   83
 7.3881   74
 7.3931   79
 7.3981   72
 7.4031  103
 7.4081   91
 7.4131   83
 7.4181   95
 7.4231   94
 7.4281   74
 7.4331   86
 7.4381   78
 7.4431   73
 7.4481   79
 7.4531   80
 7.4581   73
 7.4631   59
 7.4681   80
 7.4731   84
 7.4781   67
 7.4831   52
 7.4881   58
 7.4931   82
 7.4981   53
 7.5031   67
 7.5081   60
 7.5131   65
 7.5181   60
 7.5231   46
 7.5281   51
 7.5331   52
 7.5381   54
 7.5431   49
 7.5481   45
 7.5531   52
 7.5581   58
 7.5631   55
 7.5681   49
 7.5731   38
 7.5781   43
 7.5831   63
 7.5881   48
 7.5931   45
 7.5981   46
 7.6031   54
 7.6081   47
 7.6131   45
 7.6181   50
 7.6231   29
 7.6281   39
 7.6331   40
 7.6381   45
 7.6431   42
 7.6481   48
 7.6531   37
 7.6581   44
 7.6631   50
 7.6681   40
 7.6731   48
 7.6781   49
 7.6831   47
 7.6881   46
 7.6931   51
 7.6981   50
 7.7031   48
 7.7081   41
 7.7131   59
 7.7181   43
 7.7231   42
 7.7281   46
 7.7331   44
 7.7381   50
 7.7431   49
 7.7481   53
 7.7531   47
 7.7581   46
 7.7631   45
 7.7681   46
 7.7731   45
 7.7781   42
 7.7831   33
 7.7881   48
 7.7931   41
 7.7981   41
 7.8031   40
 7.8081   28
 7.8131   38
 7.8181   52
 7.8231   49
 7.8281   49
 7.8331   38
 7.8381   32
 7.8431   43
 7.8481   50
 7.8531   38
 7.8581   41
 7.8631   38
 7.8681   55
 7.8731   38
 7.8781   35
 7.8831   34
 7.8881   56
 7.8931   43
 7.8981   50
 7.9031   37
 7.9081   38
 7.9131   59
 7.9181   47
 7.9231   41
 7.9281   53
 7.9331   38
 7.9381   39
 7.9431   37
 7.9481   45
 7.9531   41
 7.9581   55
 7.9631   36
 7.9681   47
 7.9731   46
 7.9781   47
 7.9831   45
 7.9881   40
 7.9931   49
 7.9981   53
 8.0031   63
 8.0081   40
 8.0131   43
 8.0181   50
 8.0231   45
 8.0281   52
 8.0331   51
 8.0381   54
 8.0431   56
 8.0481   48
 8.0531   42
 8.0581   43
 8.0631   48
 8.0681   42
 8.0731   49
 8.0781   45
 8.0831   45
 8.0881   51
 8.0931   56
 8.0981   54
 8.1031   49
 8.1081   41
 8.1131   56
 8.1181   41
 8.1231   46
 8.1281   47
 8.1331   55
 8.1381   52
 8.1431   44
 8.1481   44
 8.1531   54
 8.1581   55
 8.1631   61
 8.1681   37
 8.1731   51
 8.1781   71
 8.1831   60
 8.1881   70
 8.1931   69
 8.1981   59
 8.2031   73
 8.2081   67
 8.2131   90
 8.2181   80
 8.2231   83
 8.2281  101
 8.2331   88
 8.2381  104
 8.2431  138
 8.2481  135
 8.2531  150
 8.2581  170
 8.2631  196
 8.2681  218
 8.2731  185
 8.2781  279
 8.2831  258
 8.2881  325
 8.2931  351
 8.2981  362
 8.3031  437
 8.3081  388
 8.3131  453
 8.3181  506
 8.3231  529
 8.3281  609
 8.3331  635
 8.3381  672
 8.3431  691
 8.3481  721
 8.3531  748
 8.3581  781
 8.3631  743
 8.3681  781
 8.3731  792
 8.3781  827
 8.3831  839
 8.3881  907
 8.3931  868
 8.3981  872
 8.4031  871
 8.4081  871
 8.4131  825
 8.4181  794
 8.4231  806
 8.4281  767
 8.4331  691
 8.4381  704
 8.4431  685
 8.4481  594
 8.4531  543
 8.4581  542
 8.4631  502
 8.4681  493
 8.4731  412
 8.4781  358
 8.4831  377
 8.4881  319
 8.4931  319
 8.4981  283
 8.5031  253
 8.5081  228
 8.5131  198
 8.5181  196
 8.5231  159
 8.5281  126
 8.5331  130
 8.5381  116
 8.5431  109
 8.5481  126
 8.5531  102
 8.5581  104
 8.5631   93
 8.5681   96
 8.5731   88
 8.5781  104
 8.5831   92
 8.5881   93
 8.5931   79
 8.5981   95
 8.6031   84
 8.6081   94
 8.6131   99
 8.6181   83
 8.6231   73
 8.6281   85
 8.6331   79
 8.6381   97
 8.6431   84
 8.6481   75
 8.6531   84
 8.6581  100
 8.6631   86
 8.6681   69
 8.6731   91
 8.6781   71
 8.6831   82
 8.6881   64
 8.6931   66
 8.6981   66
 8.7031   68
 8.7081   63
 8.7131   52
 8.7181   46
 8.7231   55
 8.7281   63
 8.7331   65
 8.7381   64
 8.7431   54
 8.7481   65
 8.7531   54
 8.7581   51
 8.7631   46
 8.7681   55
 8.7731   45
 8.7781   43
 8.7831   39
 8.7881   41
 8.7931   39
 8.7981   43
 8.8031   56
 8.8081   45
 8.8131   42
 8.8181   43
 8.8231   56
 8.8281   44
 8.8331   42
 8.8381   42
 8.8431   37
 8.8481   39
 8.8531   34
 8.8581   40
 8.8631   38
 8.8681   42
 8.8731   29
 8.8781   30
 8.8831   52
 8.8881   38
 8.8931   38
 8.8981   28
 8.9031   38
 8.9081   37
 8.9131   47
 8.9181   35
 8.9231   37
 8.9281   33
 8.9331   35
 8.9381   55
 8.9431   35
 8.9481   44
 8.9531   41
 8.9581   50
 8.9631   43
 8.9681   50
 8.9731   40
 8.9781   33
 8.9831   33
 8.9881   41
 8.9931   49
 8.9981   39
 9.0031   46
 9.0081   37
 9.0131   34
 9.0181   37
 9.0231   38
 9.0281   33
 9.0331   40
 9.0381   39
 9.0431   40
 9.0481   46
 9.0531   43
 9.0581   38
 9.0631   37
 9.0681   30
 9.0731   42
 9.0781   43
 9.0831   38
 9.0881   41
 9.0931   34
 9.0981   34
 9.1031   30
 9.1081   39
 9.1131   42
 9.1181   39
 9.1231   37
 9.1281   39
 9.1331   38
 9.1381   39
 9.1431   38
 9.1481   35
 9.1531   43
 9.1581   32
 9.1631   40
 9.1681   33
 9.1731   29
 9.1781   36
 9.1831   45
 9.1881   34
 9.1931   32
 9.1981   38
 9.2031   49
 9.2081   42
 9.2131   42
 9.2181   38
 9.2231   38
 9.2281   37
 9.2331   46
 9.2381   30
 9.2431   34
 9.2481   33
 9.2531   39
 9.2581   44
 9.2631   28
 9.2681   36
 9.2731   34
 9.2781   40
 9.2831   48
 9.2881   35
 9.2931   43
 9.2981   33
 9.3031   42
 9.3081   30
 9.3131   38
 9.3181   46
 9.3231   38
 9.3281   46
 9.3331   38
 9.3381   27
 9.3431   40
 9.3481   40
 9.3531   35
 9.3581   40
 9.3631   43
 9.3681   30
 9.3731   41
 9.3781   41
 9.3831   49
 9.3881   46
 9.3931   44
 9.3981   50
 9.4031   58
 9.4081   47
 9.4131   46
 9.4181   43
 9.4231   70
 9.4281   62
 9.4331   48
 9.4381   53
 9.4431   50
 9.4481   55
 9.4531   65
 9.4581   70
 9.4631   71
 9.4681   68
 9.4731   78
 9.4781   78
 9.4831   75
 9.4881  110
 9.4931   97
 9.4981   87
 9.5031  113
 9.5081  102
 9.5131  128
 9.5181  111
 9.5231  134
 9.5281  132
 9.5331  129
 9.5381  138
 9.5431  139
 9.5481  179
 9.5531  163
 9.5581  153
 9.5631  192
 9.5681  183
 9.5731  197
 9.5781  215
 9.5831  222
 9.5881  256
 9.5931  257
 9.5981  290
 9.6031  268
 9.6081  288
 9.6131  278
 9.6181  302
 9.6231  353
 9.6281  308
 9.6331  372
 9.6381  348
 9.6431  346
 9.6481  357
 9.6531  388
 9.6581  408
 9.6631  394
 9.6681  361
 9.6731  378
 9.6781  405
 9.6831  391
 9.6881  362
 9.6931  389
 9.6981  360
 9.7031  370
 9.7081  328
 9.7131  330
 9.7181  328
 9.7231  308
 9.7281  302
 9.7331  276
 9.7381  263
 9.7431  233
 9.7481  241
 9.7531  231
 9.7581  227
 9.7631  199
 9.7681  185
 9.7731  189
 9.7781  167
 9.7831  156
 9.7881  158
 9.7931  133
 9.7981  147
 9.8031  136
 9.8081  126
 9.8131  141
 9.8181  124
 9.8231  125
 9.8281  133
 9.8331  125
 9.8381  131
 9.8431  114
 9.8481  115
 9.8531  137
 9.8581  143
 9.8631  145
 9.8681  139
 9.8731  160
 9.8781  146
 9.8831  157
 9.8881  136
 9.8931  170
 9.8981  177
 9.9031  159
 9.9081  163
 9.9131  211
 9.9181  175
 9.9231  181
 9.9281  179
 9.9331  203
 9.9381  193
 9.9431  181
 9.9481  167
 9.9531  174
 9.9581  202
 9.9631  183
 9.9681  200
 9.9731  162
 9.9781  178
 9.9831  189
 9.9881  156
 9.9931  192
 9.9981  178
10.0031  146
10.0081  144
10.0131  151
10.0181  161
10.0231  145
10.0281  114
10.0331  123
10.0381  106
10.0431   95
10.0481   91
10.0531   99
10.0581  108
10.0631   82
10.0681   95
10.0731   71
10.0781   83
10.0831   63
10.0881   78
10.0931   70
10.0981   55
10.1031   54
10.1081   62
10.1131   44
10.1181   48
10.1231   48
10.1281   43
10.1331   54
10.1381   43
10.1431   53
10.1481   37
10.1531   28
10.1581   44
10.1631   46
10.1681   39
10.1731   56
10.1781   43
10.1831   27
10.1881   39
10.1931   44
10.1981   28
10.2031   34
10.2081   35
10.2131   39
10.2181   29
10.2231   31
10.2281   36
10.2331   36
10.2381   29
10.2431   33
10.2481   29
10.2531   44
10.2581   37
10.2631   29
10.2681   37
10.2731   30
10.2781   35
10.2831   45
10.2881   28
10.2931   30
10.2981   32
10.3031   33
10.3081   44
10.3131   30
10.3181   17
10.3231   29
10.3281   27
10.3331   23
10.3381   32
10.3431   31
10.3481   31
10.3531   31
10.3581   35
10.3631   34
10.3681   28
10.3731   22
10.3781   28
10.3831   30
10.3881   34
10.3931   25
10.3981   27
10.4031   32
10.4081   28
10.4131   26
10.4181   20
10.4231   30
10.4281   30
10.4331   27
10.4381   40
10.4431   27
10.4481   27
10.4531   41
10.4581   40
10.4631   28
10.4681   33
10.4731   33
10.4781   22
10.4831   21
10.4881   27
10.4931   24
10.4981   29
10.5031   28
10.5081   35
10.5131   24
10.5181   26
10.5231   24
10.5281   34
10.5331   31
10.5381   25
10.5431   21
10.5481   33
10.5531   31
10.5581   28
10.5631   32
10.5681   21
10.5731   28
10.5781   30
10.5831   26
10.5881   31
10.5931   22
10.5981   21
10.6031   34
10.6081   41
10.6131   33
10.6181   16
10.6231   31
10.6281   23
10.6331   34
10.6381   30
10.6431   30
10.6481   30
10.6531   31
10.6581   21
10.6631   22
10.6681   39
10.6731   26
10.6781   26
10.6831   30
10.6881   17
10.6931   25
10.6981   25
10.7031   34
10.7081   17
10.7131   28
10.7181   24
10.7231   28
10.7281   33
10.7331   21
10.7381   27
10.7431   39
10.7481   28
10.7531   21
10.7581   28
10.7631   25
10.7681   34
10.7731   39
10.7781   22
10.7831   28
10.7881   24
10.7931   23
10.7981   25
10.8031   17
10.8081   29
10.8131   25
10.8181   30
10.8231   27
10.8281   29
10.8331   35
10.8381   24
10.8431   35
10.8481   22
10.8531   26
10.8581   28
10.8631   20
10.8681   26
10.8731   31
10.8781   21
10.8831   28
10.8881   27
10.8931   24
10.8981   33
10.9031   18
10.9081   29
10.9131   28
10.9181   22
10.9231   28
10.9281   24
10.9331   23
10.9381   22
10.9431   25
10.9481   30
10.9531   20
10.9581   31
10.9631   28
10.9681   29
10.9731   33
10.9781   26
10.9831   27
10.9881   32
10.9931   24
10.9981   21
11.0031   29
11.0081   27
11.0131   29
11.0181   28
11.0231   29
11.0281   24
11.0331   27
11.0381   35
11.0431   29
11.0481   26
11.0531   21
11.0581   44
11.0631   30
11.0681   24
11.0731   37
11.0781   25
11.0831   33
11.0881   30
11.0931   31
11.0981   35
11.1031   32
11.1081   27
11.1131   35
11.1181   25
11.1231   37
11.1281   29
11.1331   33
11.1381   28
11.1431   44
11.1481   32
11.1531   26
11.1581   37
11.1631   35
11.1681   36
11.1731   60
11.1781   49
11.1831   45
11.1881   53
11.1931   47
11.1981   48
11.2031   60
11.2081   47
11.2131   57
11.2181   71
11.2231   65
11.2281   75
11.2331   60
11.2381   59
11.2431   85
11.2481   70
11.2531   77
11.2581   76
11.2631   69
11.2681   78
11.2731   83
11.2781   77
11.2831   75
11.2881   83
11.2931   66
11.2981   69
11.3031   77
11.3081   76
11.3131   63
11.3181   73
11.3231   65
11.3281   62
11.3331   71
11.3381   51
11.3431   62
11.3481   52
11.3531   51
11.3581   45
11.3631   55
11.3681   37
11.3731   47
11.3781   55
11.3831   55
11.3881   46
11.3931   40
11.3981   43
11.4031   41
11.4081   30
11.4131   31
11.4181   33
11.4231   38
11.4281   44
11.4331   37
11.4381   27
11.4431   36
11.4481   26
11.4531   37
11.4581   29
11.4631   25
11.4681   20
11.4731   36
11.4781   28
11.4831   31
11.4881   34
11.4931   23
11.4981   32
11.5031   37
11.5081   33
11.5131   35
11.5181   36
11.5231   31
11.5281   32
11.5331   29
11.5381   35
11.5431   37
11.5481   36
11.5531   35
11.5581   25
11.5631   36
11.5681   35
11.5731   26
11.5781   25
11.5831   25
11.5881   37
11.5931   46
11.5981   38
11.6031   43
11.6081   25
11.6131   47
11.6181   36
11.6231   46
11.6281   31
11.6331   40
11.6381   46
11.6431   49
11.6481   26
11.6531   29
11.6581   52
11.6631   32
11.6681   47
11.6731   47
11.6781   30
11.6831   41
11.6881   27
11.6931   32
11.6981   38
11.7031   44
11.7081   40
11.7131   28
11.7181   41
11.7231   36
11.7281   37
11.7331   31
11.7381   33
11.7431   39
11.7481   29
11.7531   33
11.7581   23
11.7631   27
11.7681   21
11.7731   28
11.7781   26
11.7831   26
11.7881   26
11.7931   18
11.7981   22
11.8031   17
11.8081   26
11.8131   28
11.8181   26
11.8231   24
11.8281    8
11.8331   25
11.8381   30
11.8431   14
11.8481   28
11.8531   16
11.8581   16
11.8631   18
11.8681   39
11.8731   32
11.8781   20
11.8831   20
11.8881   25
11.8931   20
11.8981   24
11.9031   21
11.9081   16
11.9131   23
11.9181   29
11.9231   20
11.9281   18
11.9331   22
11.9381   29
11.9431   28
11.9481   28
11.9531   31
11.9581   19
11.9631   25
11.9681   24
11.9731   26
11.9781   35
11.9831   24
11.9881   29
11.9931   25
11.9981   24
12.0031   28
12.0081   26
12.0131   24
12.0181   22
12.0231   27
12.0281   26
12.0331   28
12.0381   33
12.0431   26
12.0481   28
12.0531   18
12.0581   19
12.0631   28
12.0681   18
12.0731   26
12.0781   26
12.0831   25
12.0881   27
12.0931   23
12.0981   34
12.1031   20
12.1081   23
12.1131   30
12.1181   28
12.1231   22
12.1281   26
12.1331   27
12.1381   22
12.1431   32
12.1481   23
12.1531   27
12.1581   18
12.1631   18
12.1681   27
12.1731   19
12.1781   22
12.1831   29
12.1881   15
12.1931   26
12.1981   23
12.2031   20
12.2081   17
12.2131   18
12.2181   16
12.2231   23
12.2281   28
12.2331   23
12.2381   21
12.2431   24
12.2481   25
12.2531   19
12.2581   17
12.2631   25
12.2681   21
12.2731   16
12.2781   23
12.2831   21
12.2881   17
12.2931   20
12.2981   23
12.3031   20
12.3081   10
12.3131   27
12.3181   12
12.3231   20
12.3281   19
12.3331   19
12.3381   18
12.3431   25
12.3481   19
12.3531   22
12.3581   22
12.3631   16
12.3681   18
12.3731   19
12.3781   22
12.3831   22
12.3881   29
12.3931   18
12.3981   27
12.4031   22
12.4081   22
12.4131   17
12.4181   19
12.4231   15
12.4281   20
12.4331   14
12.4381   23
12.4431   30
12.4481   12
12.4531   20
12.4581   25
12.4631   17
12.4681   21
12.4731   23
12.4781   19
12.4831   11
12.4881   12
12.4931   24
12.4981   20
12.5031   20
12.5081   31
12.5131   19
12.5181   13
12.5231   22
12.5281   22
12.5331   24
12.5381   22
12.5431   23
12.5481   18
12.5531   23
12.5581   16
12.5631   14
12.5681   17
12.5731   19
12.5781   27
12.5831   25
12.5881   13
12.5931   22
12.5981   14
12.6031   27
12.6081   17
12.6131   24
12.6181   19
12.6231   31
12.6281   22
12.6331   23
12.6381   18
12.6431   19
12.6481   28
12.6531   17
12.6581   19
12.6631   19
12.6681   18
12.6731   22
12.6781   14
12.6831   17
12.6881   19
12.6931   18
12.6981   17
12.7031   20
12.7081   25
12.7131   21
12.7181   21
12.7231   14
12.7281   17
12.7331   17
12.7381   23
12.7431   25
12.7481   21
12.7531   14
12.7581   25
12.7631   19
12.7681   15
12.7731   12
12.7781   20
12.7831   18
12.7881   18
12.7931   27
12.7981   19
12.8031   23
12.8081   21
12.8131   21
12.8181   13
12.8231   15
12.8281   19
12.8331   23
12.8381   17
12.8431   27
12.8481   14
12.8531   12
12.8581   17
12.8631   23
12.8681   16
12.8731   12
12.8781   18
12.8831   18
12.8881   18
12.8931   11
12.8981   27
12.9031   15
12.9081   16
12.9131   17
12.9181   11
12.9231   18
12.9281   16
12.9331   20
12.9381   20
12.9431   20
12.9481   18
12.9531   19
12.9581   16
12.9631   15
12.9681   20
12.9731   19
12.9781   18
12.9831   19
12.9881   17
12.9931   14
12.9981   28
13.0031   13
13.0081   11
13.0131   17
13.0181   18
13.0231   13
13.0281   21
13.0331   14
13.0381   21
13.0431   16
13.0481   14
13.0531   16
13.0581   19
13.0631   13
13.0681   13
13.0731   28
13.0781   14
13.0831   20
13.0881   19
13.0931   14
13.0981   19
13.1031   19
13.1081   17
13.1131   20
13.1181   30
13.1231   20
13.1281   16
13.1331    9
13.1381   24
13.1431   16
13.1481   21
13.1531   24
13.1581   23
13.1631   25
13.1681   18
13.1731   12
13.1781   21
13.1831   22
13.1881   20
13.1931   29
13.1981   19
13.2031   13
13.2081   17
13.2131   17
13.2181   25
13.2231   18
13.2281   21
13.2331   11
13.2381   14
13.2431   20
13.2481   20
13.2531    9
13.2581   23
13.2631   24
13.2681   17
13.2731   17
13.2781   29
13.2831   21
13.2881   13
13.2931   18
13.2981   27
13.3031   26
13.3081   13
13.3131   19
13.3181   19
13.3231   18
13.3281   14
13.3331   24
13.3381   16
13.3431   22
13.3481   22
13.3531   19
13.3581   17
13.3631   20
13.3681   10
13.3731   16
13.3781   16
13.3831   24
13.3881   20
13.3931   17
13.3981   21
13.4031   18
13.4081   21
13.4131   18
13.4181   15
13.4231   19
13.4281   18
13.4331   18
13.4381   28
13.4431   12
13.4481   19
13.4531   18
13.4581   15
13.4631   17
13.4681   24
13.4731   21
13.4781   16
13.4831   15
13.4881   17
13.4931   25
13.4981   21
13.5031   19
13.5081   22
13.5131   12
13.5181   20
13.5231   20
13.5281   15
13.5331   14
13.5381   15
13.5431   20
13.5481   13
13.5531   20
13.5581   20
13.5631   25
13.5681   21
13.5731   17
13.5781   22
13.5831   18
13.5881   20
13.5931   18
13.5981   22
13.6031   16
13.6081   22
13.6131   17
13.6181   22
13.6231   18
13.6281   16
13.6331   28
13.6381   18
13.6431   20
13.6481   17
13.6531   23
13.6581   16
13.6631   12
13.6681   19
13.6731   15
13.6781   21
13.6831   17
13.6881   30
13.6931   18
13.6981    7
13.7031   23
13.7081   22
13.7131   10
13.7181   15
13.7231   19
13.7281   22
13.7331   14
13.7381   15
13.7431   16
13.7481   13
13.7531   18
13.7581   16
13.7631   23
13.7681   26
13.7731   14
13.7781   15
13.7831   19
13.7881   23
13.7931   12
13.7981   22
13.8031   12
13.8081   19
13.8131   14
13.8181   16
13.8231   14
13.8281   16
13.8331   15
13.8381   19
13.8431   21
13.8481   15
13.8531   24
13.8581   13
13.8631   16
13.8681   16
13.8731   23
13.8781   16
13.8831   17
13.8881   17
13.8931    4
13.8981   17
13.9031   18
13.9081   19
13.9131   20
13.9181   11
13.9231   21
13.9281   15
13.9331   12
13.9381   13
13.9431   12
13.9481   26
13.9531   17
13.9581   14
13.9631    9
13.9681   15
13.9731   15
13.9781   21
13.9831    6
13.9881   12
13.9931   21
13.9981   16
14.0031   18
14.0081   16
14.0131   17
14.0181   10
14.0231   17
14.0281   14
14.0331   14
14.0381   19
14.0431   10
14.0481   18
14.0531   12
14.0581   14
14.0631   22
14.0681   19
14.0731   25
14.0781   21
14.0831   19
14.0881    9
14.0931   16
14.0981   19
14.1031   11
14.1081   13
14.1131   14
14.1181   13
14.1231   14
14.1281   26
14.1331   13
14.1381   17
14.1431   19
14.1481   16
14.1531   12
14.1581    8
14.1631   17
14.1681   19
14.1731   19
14.1781   14
14.1831   12
14.1881   17
14.1931   14
14.1981   15
14.2031   15
14.2081   25
14.2131    9
14.2181    8
14.2231   17
14.2281   17
14.2331   17
14.2381   16
14.2431    9
14.2481   15
14.2531   12
14.2581   13
14.2631   17
14.2681   13
14.2731   12
14.2781   10
14.2831    9
14.2881   18
14.2931   13
14.2981   10
14.3031   12
14.3081   10
14.3131   22
14.3181   18
14.3231   21
14.3281    9
14.3331   22
14.3381   16
14.3431   11
14.3481   17
14.3531    9
14.3581   15
14.3631   17
14.3681   21
14.3731   13
14.3781   18
14.3831   18
14.3881   21
14.3931   11
14.3981   12
14.4031   15
14.4081   13
14.4131   15
14.4181   15
14.4231   15
14.4281   18
14.4331   17
14.4381   11
14.4431   24
14.4481   16
14.4531   15
14.4581   21
14.4631   16
14.4681   10
14.4731   21
14.4781   14
14.4831   15
14.4881   13
14.4931   15
14.4981   12
14.5031   13
14.5081   20
14.5131   19
14.5181   19
14.5231   18
14.5281   23
14.5331   13
14.5381   16
14.5431   15
14.5481   15
14.5531   17
14.5581   21
14.5631    7
14.5681    8
14.5731   10
14.5781   20
14.5831   13
14.5881   15
14.5931   16
14.5981   14
14.6031   18
14.6081   11
14.6131   17
14.6181   13
14.6231    8
14.6281   10
14.6331   16
14.6381   17
14.6431   16
14.6481   19
14.6531   15
14.6581   10
14.6631   13
14.6681    9
14.6731   14
14.6781   14
14.6831   22
14.6881   11
14.6931   14
14.6981   12
14.7031   15
14.7081   13
14.7131   16
14.7181   13
14.7231   17
14.7281   13
14.7331   12
14.7381   16
14.7431   17
14.7481    8
14.7531    7
14.7581   15
14.7631   20
14.7681   11
14.7731   15
14.7781   17
14.7831   13
14.7881   23
14.7931   12
14.7981   15
14.8031   18
14.8081   12
14.8131   12
14.8181   13
14.8231   12
14.8281   13
14.8331   18
14.8381   16
14.8431    9
14.8481   20
14.8531   15
14.8581    7
14.8631   14
14.8681    9
14.8731   18
14.8781   19
14.8831   21
14.8881    9
14.8931   13
14.8981   20
14.9031   13
14.9081   15
14.9131   13
14.9181   16
14.9231   13
14.9281   12
14.9331   13
14.9381   14
14.9431   18
14.9481   10
14.9531   16
14.9581   11
14.9631   10
14.9681   14
14.9731   21
14.9781   22
14.9831   15
14.9881    7
14.9931   16
14.9981    9
15.0031   10
15.0081   10
15.0131   18
15.0181   16
15.0231   17
15.0281   13
15.0331    9
15.0381   11
15.0431   15
15.0481   16
15.0531   10
15.0581   14
15.0631   16
15.0681   17
15.0731   12
15.0781   13
15.0831   11
15.0881   10
15.0931   15
15.0981    8
15.1031   15
15.1081   16
15.1131   15
15.1181   10
15.1231   14
15.1281   23
15.1331   11
15.1381   13
15.1431   12
15.1481   12
15.1531    9
15.1581   13
15.1631   17
15.1681   17
15.1731    7
15.1781   15
15.1831   12
15.1881   10
15.1931   21
15.1981   18
15.2031   16
15.2081   11
15.2131   10
15.2181    8
15.2231    9
15.2281   15
15.2331    9
15.2381   15
15.2431   11
15.2481   17
15.2531   13
15.2581   12
15.2631   17
15.2681   13
15.2731   12
15.2781   14
15.2831   12
15.2881   10
15.2931   13
15.2981    9
15.3031   14
15.3081    8
15.3131   12
15.3181   11
15.3231   17
15.3281   13
15.3331   10
15.3381   11
15.3431   18
15.3481   16
15.3531   10
15.3581   12
15.3631   18
15.3681   22
15.3731    8
15.3781   16
15.3831    9
15.3881   12
15.3931   14
15.3981    9
15.4031   12
15.4081   14
15.4131   15
15.4181    8
15.4231   10
15.4281   14
15.4331    9
15.4381   12
15.4431   15
15.4481   13
15.4531    8
15.4581   18
15.4631   12
15.4681   12
15.4731   15
15.4781   10
15.4831   10
15.4881   12
15.4931   14
15.4981   13
15.5031   11
15.5081   13
15.5131   16
15.5181   14
15.5231   13
15.5281   13
15.5331   12
15.5381   22
15.5431   14
15.5481   11
15.5531   15
15.5581   16
15.5631   15
15.5681   20
15.5731   11
15.5781   11
15.5831    8
15.5881   17
15.5931   11
15.5981    9
15.6031   11
15.6081   11
15.6131   17
15.6181   13
15.6231    5
15.6281    9
15.6331   12
15.6381    6
15.6431   14
15.6481   13
15.6531   11
15.6581    9
15.6631   13
15.6681   12
15.6731   11
15.6781   13
15.6831   13
15.6881   16
15.6931   19
15.6981    9
15.7031   14
15.7081   14
15.7131   14
15.7181   17
15.7231   17
15.7281   15
15.7331   11
15.7381   10
15.7431   10
15.7481   12
15.7531   11
15.7581    7
15.7631   15
15.7681   12
15.7731   16
15.7781   13
15.7831   12
15.7881    6
15.7931   16
15.7981    9
15.8031   13
15.8081   19
15.8131   10
15.8181   11
15.8231   22
15.8281    8
15.8331   11
15.8381    8
15.8431   14
15.8481   10
15.8531   10
15.8581    8
15.8631   19
15.8681   15
15.8731   14
15.8781   12
15.8831    9
15.8881    7
15.8931   14
15.8981    8
15.9031   14
15.9081   14
15.9131   16
15.9181    9
15.9231   10
15.9281   14
15.9331    9
15.9381   10
15.9431   21
15.9481    9
15.9531   10
15.9581   12
15.9631   11
15.9681   10
15.9731   10
15.9781    9
15.9831    7
15.9881   16
15.9931   12
15.9981   15
16.0031   16
16.0081    8
16.0131   10
16.0181   10
16.0231   10
16.0281   12
16.0331   16
16.0381   10
16.0431   18
16.0481    6
16.0531   11
16.0581    9
16.0631   15
16.0681   13
16.0731   13
16.0781   10
16.0831   13
16.0881    9
16.0931   12
16.0981    4
16.1031   10
16.1081   11
16.1131   10
16.1181    7
16.1231    7
16.1281    8
16.1331    7
16.1381   16
16.1431   16
16.1481   14
16.1531   15
16.1581   12
16.1631    6
16.1681   17
16.1731    6
16.1781   11
16.1831   13
16.1881   11
16.1931    9
16.1981    7
16.2031   10
16.2081   14
16.2131   12
16.2181    8
16.2231   14
16.2281   11
16.2331   12
16.2381   11
16.2431   11
16.2481   16
16.2531   13
16.2581   15
16.2631   14
16.2681   10
16.2731    8
16.2781    9
16.2831   18
16.2881    7
16.2931   10
16.2981   10
16.3031    6
16.3081   13
16.3131    7
16.3181    9
16.3231   12
16.3281   14
16.3331   16
16.3381   16
16.3431   15
16.3481    8
16.3531   15
16.3581    8
16.3631   13
16.3681    9
16.3731   12
16.3781   11
16.3831    7
16.3881   12
16.3931    9
16.3981   14
16.4031    8
16.4081   13
16.4131    6
16.4181   11
16.4231   13
16.4281    6
16.4331    6
16.4381   12
16.4431   10
16.4481    6
16.4531   12
16.4581   13
16.4631   13
16.4681    8
16.4731    8
16.4781   13
16.4831   11
16.4881    5
16.4931   13
16.4981    8
16.5031   10
16.5081   10
16.5131   11
16.5181    4
16.5231    9
16.5281   12
16.5331   11
16.5381   10
16.5431    6
16.5481    9
16.5531   12
16.5581    6
16.5631    9
16.5681   16
16.5731    9
16.5781    1
16.5831   14
16.5881    8
16.5931    8
16.5981   14
16.6031   15
16.6081    7
16.6131   13
16.6181   15
16.6231    8
16.6281    6
16.6331    9
16.6381    7
16.6431    9
16.6481   12
16.6531   16
16.6581    8
16.6631    9
16.6681    7
16.6731    7
16.6781   12
16.6831   13
16.6881    8
16.6931   13
16.6981    9
16.7031   12
16.7081   14
16.7131   18
16.7181    8
16.7231    5
16.7281    9
16.7331    9
16.7381    4
16.7431   13
16.7481    9
16.7531    5
16.7581    6
16.7631   13
16.7681    5
16.7731   12
16.7781   12
16.7831   11
16.7881    8
16.7931    8
16.7981    7
16.8031   13
16.8081   14
16.8131   11
16.8181   12
16.8231    9
16.8281    7
16.8331    9
16.8381   13
16.8431   19
16.8481    9
16.8531    6
16.8581    9
16.8631   11
16.8681   12
16.8731   14
16.8781    8
16.8831   13
16.8881   11
16.8931   17
16.8981    5
16.9031   12
16.9081   11
16.9131    4
16.9181    6
16.9231   10
16.9281    7
16.9331   12
16.9381   12
16.9431   10
16.9481    9
16.9531   11
16.9581   12
16.9631    6
16.9681    7
16.9731    4
16.9781   16
16.9831   16
16.9881    8
16.9931    6
16.9981   10
17.0031   15
17.0081    8
17.0131    4
17.0181   12
17.0231    9
17.0281    8
17.0331    7
17.0381   11
17.0431   13
17.0481    5
17.0531    7
17.0581    9
17.0631    7
17.0681    6
17.0731   15
17.0781   13
17.0831   10
17.0881   13
17.0931    9
17.0981   12
17.1031    5
17.1081   10
17.1131    8
17.1181   12
17.1231   10
17.1281    6
17.1331   10
17.1381    8
17.1431    9
17.1481    8
17.1531   13
17.1581    6
17.1631    6
17.1681    9
17.1731   16
17.1781    7
17.1831    7
17.1881    5
17.1931    8
17.1981    9
17.2031    8
17.2081    7
17.2131    9
17.2181   10
17.2231   11
17.2281    6
17.2331    7
17.2381    7
17.2431    7
17.2481   17
17.2531   11
17.2581   13
17.2631    9
17.2681   16
17.2731    8
17.2781    4
17.2831   10
17.2881    6
17.2931    9
17.2981    8
17.3031   13
17.3081   10
17.3131   12
17.3181   10
17.3231    8
17.3281    8
17.3331   12
17.3381    1
17.3431    7
17.3481    6
17.3531   11
17.3581   15
17.3631    8
17.3681   13
17.3731    7
17.3781    7
17.3831    7
17.3881    9
17.3931   17
17.3981    6
17.4031    8
17.4081    4
17.4131    8
17.4181    7
17.4231   12
17.4281    7
17.4331    7
17.4381   13
17.4431    4
17.4481   10
17.4531   12
17.4581    8
17.4631   11
17.4681    9
17.4731    5
17.4781    5
17.4831    7
17.4881    9
17.4931   12
17.4981    9
17.5031    8
17.5081    4
17.5131    5
17.5181   12
17.5231   15
17.5281    7
17.5331    9
17.5381    8
17.5431    5
17.5481   11
17.5531    6
17.5581    6
17.5631   11
17.5681    5
17.5731   12
17.5781    7
17.5831    6
17.5881    7
17.5931   10
17.5981    6
17.6031   16
17.6081    3
17.6131    9
17.6181    5
17.6231    9
17.6281   13
17.6331    1
17.6381    8
17.6431    8
17.6481    7
17.6531    4
17.6581    7
17.6631   12
17.6681    5
17.6731    7
17.6781    8
17.6831    7
17.6881    3
17.6931   12
17.6981    5
17.7031    9
17.7081   10
17.7131    5
17.7181   15
17.7231   10
17.7281    5
17.7331    8
17.7381    8
17.7431    7
17.7481    8
17.7531   11
17.7581   15
17.7631   10
17.7681    7
17.7731   10
17.7781   11
17.7831    9
17.7881    8
17.7931    7
17.7981    5
17.8031    5
17.8081    7
17.8131   13
17.8181   11
17.8231    8
17.8281    8
17.8331    7
17.8381   10
17.8431   11
17.8481    6
17.8531   11
17.8581    4
17.8631    7
17.8681    8
17.8731    7
17.8781    4
17.8831    7
17.8881    7
17.8931    5
17.8981   10
17.9031    7
17.9081   12
17.9131    1
17.9181    9
17.9231    6
17.9281    9
17.9331   12
17.9381   15
17.9431    9
17.9481    8
17.9531   13
17.9581   11
17.9631    4
17.9681    7
17.9731    9
17.9781   10
17.9831    8
17.9881    7
17.9931    9
17.9981    5
18.0031    5
18.0081    8
18.0131   10
18.0181    8
18.0231   12
18.0281    8
18.0331    9
18.0381    6
18.0431   11
18.0481    4
18.0531    3
18.0581   11
18.0631    7
18.0681    4
18.0731   10
18.0781    8
18.0831    5
18.0881    8
18.0931   11
18.0981    4
18.1031   10
18.1081   12
18.1131   11
18.1181    8
18.1231    7
18.1281    8
18.1331    8
18.1381    6
18.1431   12
18.1481    2
18.1531   12
18.1581    8
18.1631   10
18.1681    9
18.1731   10
18.1781    5
18.1831    6
18.1881    4
18.1931    6
18.1981    4
18.2031    6
18.2081    6
18.2131    6
18.2181    9
18.2231    9
18.2281    6
18.2331   10
18.2381    7
18.2431    6
18.2481    8
18.2531    5
18.2581   10
18.2631    3
18.2681    8
18.2731    5
18.2781   10
18.2831    7
18.2881   12
18.2931    6
18.2981    5
18.3031    7
18.3081    9
18.3131    7
18.3181   11
18.3231   13
18.3281   10
18.3331    8
18.3381    6
18.3431   10
18.3481   16
18.3531    7
18.3581    9
18.3631    6
18.3681    9
18.3731    6
18.3781   14
18.3831    4
18.3881   10
18.3931    9
18.3981    7
18.4031   11
18.4081    9
18.4131    7
18.4181    5
18.4231    6
18.4281    4
18.4331    5
18.4381    8
18.4431    3
18.4481    8
18.4531    4
18.4581    6
18.4631    4
18.4681    5
18.4731    5
18.4781    9
18.4831    6
18.4881   13
18.4931    3
18.4981    7
18.5031    9
18.5081    6
18.5131    4
18.5181    4
18.5231    5
18.5281   10
18.5331    7
18.5381    6
18.5431    7
18.5481    2
18.5531    8
18.5581    8
18.5631    9
18.5681    3
18.5731    9
18.5781    9
18.5831    6
18.5881    7
18.5931   11
18.5981    8
18.6031    6
18.6081    1
18.6131    8
18.6181    4
18.6231    7
18.6281    7
18.6331   11
18.6381    7
18.6431    3
18.6481   14
18.6531    7
18.6581   11
18.6631    6
18.6681    5
18.6731    9
18.6781    4
18.6831    3
18.6881   11
18.6931    6
18.6981    6
18.7031    6
18.7081   10
18.7131    8
18.7181    6
18.7231    3
18.7281    8
18.7331    6
18.7381    3
18.7431   10
18.7481    7
18.7531    8
18.7581    7
18.7631    9
18.7681    8
18.7731    5
18.7781    8
18.7831    2
18.7881    5
18.7931    8
18.7981    6
18.8031    3
18.8081   14
18.8131    5
18.8181    7
18.8231    3
18.8281    7
18.8331    5
18.8381    5
18.8431    9
18.8481    8
18.8531    3
18.8581    4
18.8631    6
18.8681    9
18.8731    5
18.8781    8
18.8831    7
18.8881   10
18.8931    3
18.8981    4
18.9031    4
18.9081    9
18.9131    7
18.9181    9
18.9231   11
18.9281    4
18.9331    6
18.9381    7
18.9431    9
18.9481    7
18.9531    5
18.9581   11
18.9631    9
18.9681    5
18.9731   10
18.9781    7
18.9831    5
18.9881   10
18.9931    5
18.9981    6
19.0031    3
19.0081   11
19.0131    3
19.0181    8
19.0231    2
19.0281    8
19.0331    7
19.0381    8
19.0431    6
19.0481    6
19.0531    7
19.0581    3
19.0631    3
19.0681    3
19.0731    0
19.0781    4
19.0831    9
19.0881    7
19.0931    6
19.0981    5
19.1031    4
19.1081    6
19.1131    7
19.1181    5
19.1231    7
19.1281   10
19.1331    5
19.1381    4
19.1431    7
19.1481    8
19.1531   11
19.1581    3
19.1631    4
19.1681    5
19.1731    7
19.1781   10
19.1831    5
19.1881    6
19.1931    2
19.1981    7
19.2031    6
19.2081    4
19.2131    5
19.2181    6
19.2231    4
19.2281    2
19.2331   10
19.2381    9
19.2431    5
19.2481    7
19.2531    5
19.2581   11
19.2631    3
19.2681    7
19.2731    6
19.2781    2
19.2831    7
19.2881    7
19.2931    5
19.2981    6
19.3031    7
19.3081    4
19.3131    8
19.3181    7
19.3231    5
19.3281    6
19.3331    4
19.3381    7
19.3431    7
19.3481    7
19.3531   12
19.3581    5
19.3631    1
19.3681    4
19.3731    7
19.3781    7
19.3831    3
19.3881    9
19.3931    6
19.3981    6
19.4031    7
19.4081    4
19.4131    4
19.4181    6
19.4231    7
19.4281    9
19.4331    7
19.4381    6
19.4431   10
19.4481   12
19.4531    2
19.4581    6
19.4631    5
19.4681    6
19.4731    8
19.4781    7
19.4831    8
19.4881    2
19.4931   12
19.4981    5
19.5031    6
19.5081    4
19.5131    2
19.5181    5
19.5231    7
19.5281    6
19.5331    6
19.5381    9
19.5431    5
19.5481    6
19.5531    3
19.5581    6
19.5631    8
19.5681    2
19.5731    7
19.5781    3
19.5831    6
19.5881    7
19.5931    2
19.5981    9
19.6031    6
19.6081    2
19.6131    6
19.6181    7
19.6231    6
19.6281    5
19.6331    2
19.6381    7
19.6431    7
19.6481    6
19.6531    5
19.6581    5
19.6631    8
19.6681    3
19.6731    5
19.6781    8
19.6831    2
19.6881    7
19.6931    4
19.6981    6
19.7031   10
19.7081    4
19.7131    7
19.7181    7
19.7231    5
19.7281    6
19.7331    5
19.7381   13
19.7431    6
19.7481    3
19.7531    4
19.7581    6
19.7631    4
19.7681   10
19.7731    5
19.7781    2
19.7831    9
19.7881    6
19.7931    7
19.7981    9
19.8031    3
19.8081   10
19.8131    1
19.8181    5
19.8231    7
19.8281    4
19.8331    6
19.8381    4
19.8431    6
19.8481    4
19.8531    3
19.8581    6
19.8631    3
19.8681    6
19.8731    8
19.8781   11
19.8831    5
19.8881    8
19.8931    5
19.8981    3
19.9031    8
19.9081    5
19.9131    7
19.9181    5
19.9231    5
19.9281    6
19.9331    7
19.9381    5
19.9431    9
19.9481    3
19.9531    4
19.9581    4
19.9631    7
19.9681    2
19.9731    4
19.9781    4
19.9831    6
19.9881    3
19.9931    4
19.9981    5
