Bruker Nano GmbH Berlin, Germany
Esprit 1.9

Date: 9/14/2017 7:48:50 PM
Real time: 26086
Life time: 21890
Pulse density: 11428

Primary energy: 30
Take off angle: 35
Tilt angle: 0
Azimut angle: 45

Detector type: XFlash 6|30
Window type: slew AP3.3
Detector thickness: 0.45
Si dead layer:0.029

Calibration, lin.: 5
Calibration, abs.: -476.9
Mn FWHM: 126.259
Fano factor: 0.11
Channels: 4096

Energy Counts
-0.4769    0
-0.4719    0
-0.4669    0
-0.4619    0
-0.4569    0
-0.4519    0
-0.4469    0
-0.4419    0
-0.4369    0
-0.4319    0
-0.4269    0
-0.4219    0
-0.4169    0
-0.4119    0
-0.4069    0
-0.4019    0
-0.3969    0
-0.3919    0
-0.3869    0
-0.3819    0
-0.3769    0
-0.3719    0
-0.3669    0
-0.3619    0
-0.3569    0
-0.3519    0
-0.3469    0
-0.3419    0
-0.3369    0
-0.3319    0
-0.3269    0
-0.3219    0
-0.3169    0
-0.3119    0
-0.3069    0
-0.3019    0
-0.2969    0
-0.2919    0
-0.2869    0
-0.2819    0
-0.2769    0
-0.2719    0
-0.2669    0
-0.2619    0
-0.2569    0
-0.2519    0
-0.2469    0
-0.2419    0
-0.2369    0
-0.2319    0
-0.2269    0
-0.2219    0
-0.2169    0
-0.2119    0
-0.2069    0
-0.2019    0
-0.1969    0
-0.1919    0
-0.1869    0
-0.1819    0
-0.1769    0
-0.1719    0
-0.1669    0
-0.1619    0
-0.1569    0
-0.1519    0
-0.1469    0
-0.1419    0
-0.1369    0
-0.1319    0
-0.1269    0
-0.1219    0
-0.1169    0
-0.1119    0
-0.1069    0
-0.1019    0
-0.0969    0
-0.0919    0
-0.0869    1
-0.0819    0
-0.0769    1
-0.0719    5
-0.0669   14
-0.0619   27
-0.0569   61
-0.0519  115
-0.0469  254
-0.0419  440
-0.0369  780
-0.0319 1275
-0.0269 1957
-0.0219 2698
-0.0169 3462
-0.0119 4168
-0.0069 4934
-0.0019 5206
 0.0031 4973
 0.0081 4632
 0.0131 3875
 0.0181 3209
 0.0231 2323
 0.0281 1614
 0.0331 1059
 0.0381  688
 0.0431  376
 0.0481  218
 0.0531   94
 0.0581   66
 0.0631   33
 0.0681   15
 0.0731    7
 0.0781    6
 0.0831    0
 0.0881    0
 0.0931    0
 0.0981    0
 0.1031    0
 0.1081    0
 0.1131    0
 0.1181    4
 0.1231   12
 0.1281   20
 0.1331   25
 0.1381   23
 0.1431   23
 0.1481   20
 0.1531   35
 0.1581   40
 0.1631   60
 0.1681   75
 0.1731   99
 0.1781  117
 0.1831  118
 0.1881  128
 0.1931  137
 0.1981  152
 0.2031  138
 0.2081  110
 0.2131  106
 0.2181  108
 0.2231   99
 0.2281   92
 0.2331   74
 0.2381   85
 0.2431   78
 0.2481   91
 0.2531   93
 0.2581  118
 0.2631  135
 0.2681  136
 0.2731  144
 0.2781  146
 0.2831  145
 0.2881  127
 0.2931  123
 0.2981   95
 0.3031   79
 0.3081   61
 0.3131   43
 0.3181   34
 0.3231   27
 0.3281   17
 0.3331   10
 0.3381    6
 0.3431    9
 0.3481    8
 0.3531   10
 0.3581    9
 0.3631    8
 0.3681    7
 0.3731    9
 0.3781    7
 0.3831    7
 0.3881    8
 0.3931    9
 0.3981   11
 0.4031    9
 0.4081    9
 0.4131    5
 0.4181    5
 0.4231    6
 0.4281    3
 0.4331    7
 0.4381   11
 0.4431   13
 0.4481   16
 0.4531   16
 0.4581   13
 0.4631   11
 0.4681    8
 0.4731   14
 0.4781   32
 0.4831   37
 0.4881   48
 0.4931   37
 0.4981   31
 0.5031   26
 0.5081   61
 0.5131   83
 0.5181   66
 0.5231   53
 0.5281   56
 0.5331   64
 0.5381   55
 0.5431   71
 0.5481   50
 0.5531    0
 0.5581    0
 0.5631   27
 0.5681    1
 0.5731   21
 0.5781   24
 0.5831   32
 0.5881   40
 0.5931    5
 0.5981   20
 0.6031   13
 0.6081   14
 0.6131   39
 0.6181   36
 0.6231   25
 0.6281   27
 0.6331    0
 0.6381    9
 0.6431    3
 0.6481    0
 0.6531   16
 0.6581   17
 0.6631   31
 0.6681   21
 0.6731   18
 0.6781    7
 0.6831   11
 0.6881   12
 0.6931   12
 0.6981   13
 0.7031   24
 0.7081   20
 0.7131   26
 0.7181   22
 0.7231   24
 0.7281   35
 0.7331   16
 0.7381    4
 0.7431   19
 0.7481   17
 0.7531   26
 0.7581   25
 0.7631   36
 0.7681   26
 0.7731   19
 0.7781   18
 0.7831   17
 0.7881   29
 0.7931   23
 0.7981   19
 0.8031   36
 0.8081   31
 0.8131   18
 0.8181   32
 0.8231   23
 0.8281   25
 0.8331   29
 0.8381   29
 0.8431   25
 0.8481   28
 0.8531   34
 0.8581   35
 0.8631   23
 0.8681   33
 0.8731   32
 0.8781   33
 0.8831   23
 0.8881   28
 0.8931   23
 0.8981   33
 0.9031   34
 0.9081   28
 0.9131   28
 0.9181   40
 0.9231   32
 0.9281   34
 0.9331   22
 0.9381   37
 0.9431   38
 0.9481   35
 0.9531   32
 0.9581   41
 0.9631   36
 0.9681   36
 0.9731   36
 0.9781   31
 0.9831   41
 0.9881   36
 0.9931   46
 0.9981   35
 1.0031   47
 1.0081   44
 1.0131   48
 1.0181   38
 1.0231   60
 1.0281   50
 1.0331   56
 1.0381   49
 1.0431   40
 1.0481   47
 1.0531   43
 1.0581   51
 1.0631   41
 1.0681   59
 1.0731   41
 1.0781   45
 1.0831   43
 1.0881   46
 1.0931   37
 1.0981   41
 1.1031   48
 1.1081   45
 1.1131   48
 1.1181   56
 1.1231   49
 1.1281   40
 1.1331   28
 1.1381   57
 1.1431   47
 1.1481   52
 1.1531   36
 1.1581   45
 1.1631   37
 1.1681   53
 1.1731   52
 1.1781   48
 1.1831   45
 1.1881   58
 1.1931   46
 1.1981   49
 1.2031   50
 1.2081   51
 1.2131   51
 1.2181   39
 1.2231   45
 1.2281   56
 1.2331   51
 1.2381   57
 1.2431   64
 1.2481   57
 1.2531   56
 1.2581   43
 1.2631   55
 1.2681   75
 1.2731   59
 1.2781   58
 1.2831   59
 1.2881   62
 1.2931   57
 1.2981   60
 1.3031   61
 1.3081   55
 1.3131   50
 1.3181   52
 1.3231   72
 1.3281   67
 1.3331   56
 1.3381   58
 1.3431   60
 1.3481   55
 1.3531   62
 1.3581   53
 1.3631   57
 1.3681   68
 1.3731   54
 1.3781   48
 1.3831   54
 1.3881   61
 1.3931   64
 1.3981   62
 1.4031   69
 1.4081   73
 1.4131   67
 1.4181   74
 1.4231   74
 1.4281   73
 1.4331   77
 1.4381   81
 1.4431   68
 1.4481   74
 1.4531   73
 1.4581   74
 1.4631   61
 1.4681   83
 1.4731   86
 1.4781   86
 1.4831   93
 1.4881   91
 1.4931   83
 1.4981   83
 1.5031   77
 1.5081   75
 1.5131   76
 1.5181   85
 1.5231   73
 1.5281   97
 1.5331   81
 1.5381   74
 1.5431   79
 1.5481   69
 1.5531   72
 1.5581   77
 1.5631   77
 1.5681   78
 1.5731   70
 1.5781   67
 1.5831   77
 1.5881   85
 1.5931   70
 1.5981   74
 1.6031   68
 1.6081   66
 1.6131   69
 1.6181   69
 1.6231   73
 1.6281   78
 1.6331   66
 1.6381   64
 1.6431   71
 1.6481   72
 1.6531   75
 1.6581   81
 1.6631   81
 1.6681   87
 1.6731   82
 1.6781   87
 1.6831   94
 1.6881   90
 1.6931   97
 1.6981  106
 1.7031   96
 1.7081   91
 1.7131   98
 1.7181  116
 1.7231  111
 1.7281  111
 1.7331  114
 1.7381  121
 1.7431  124
 1.7481  112
 1.7531  100
 1.7581   96
 1.7631  106
 1.7681  109
 1.7731  108
 1.7781  107
 1.7831  101
 1.7881  104
 1.7931   94
 1.7981   94
 1.8031   93
 1.8081  109
 1.8131  106
 1.8181   90
 1.8231   94
 1.8281   86
 1.8331   88
 1.8381   90
 1.8431   82
 1.8481   77
 1.8531   84
 1.8581   78
 1.8631   85
 1.8681   88
 1.8731   75
 1.8781   76
 1.8831   88
 1.8881   97
 1.8931   83
 1.8981   71
 1.9031   81
 1.9081   83
 1.9131   82
 1.9181   86
 1.9231   89
 1.9281   93
 1.9331  106
 1.9381  112
 1.9431  115
 1.9481  117
 1.9531  119
 1.9581  123
 1.9631  144
 1.9681  159
 1.9731  154
 1.9781  166
 1.9831  192
 1.9881  212
 1.9931  213
 1.9981  224
 2.0031  245
 2.0081  250
 2.0131  248
 2.0181  257
 2.0231  252
 2.0281  232
 2.0331  215
 2.0381  225
 2.0431  236
 2.0481  216
 2.0531  211
 2.0581  200
 2.0631  190
 2.0681  196
 2.0731  181
 2.0781  163
 2.0831  158
 2.0881  158
 2.0931  167
 2.0981  151
 2.1031  154
 2.1081  164
 2.1131  153
 2.1181  159
 2.1231  162
 2.1281  169
 2.1331  162
 2.1381  146
 2.1431  155
 2.1481  161
 2.1531  147
 2.1581  143
 2.1631  164
 2.1681  160
 2.1731  147
 2.1781  156
 2.1831  177
 2.1881  209
 2.1931  232
 2.1981  276
 2.2031  363
 2.2081  474
 2.2131  559
 2.2181  675
 2.2231  820
 2.2281 1000
 2.2331 1253
 2.2381 1541
 2.2431 1859
 2.2481 2135
 2.2531 2382
 2.2581 2738
 2.2631 3158
 2.2681 3460
 2.2731 3721
 2.2781 3968
 2.2831 4187
 2.2881 4376
 2.2931 4512
 2.2981 4571
 2.3031 4451
 2.3081 4358
 2.3131 4156
 2.3181 3890
 2.3231 3655
 2.3281 3397
 2.3331 3121
 2.3381 2890
 2.3431 2718
 2.3481 2510
 2.3531 2309
 2.3581 2225
 2.3631 2205
 2.3681 2133
 2.3731 2187
 2.3781 2197
 2.3831 2168
 2.3881 2158
 2.3931 2136
 2.3981 2102
 2.4031 1951
 2.4081 1910
 2.4131 1879
 2.4181 1804
 2.4231 1700
 2.4281 1608
 2.4331 1476
 2.4381 1414
 2.4431 1249
 2.4481 1145
 2.4531  994
 2.4581  914
 2.4631  857
 2.4681  763
 2.4731  704
 2.4781  652
 2.4831  636
 2.4881  599
 2.4931  509
 2.4981  464
 2.5031  434
 2.5081  416
 2.5131  377
 2.5181  357
 2.5231  348
 2.5281  276
 2.5331  261
 2.5381  243
 2.5431  208
 2.5481  187
 2.5531  178
 2.5581  142
 2.5631  138
 2.5681  124
 2.5731  102
 2.5781  104
 2.5831   95
 2.5881  101
 2.5931   76
 2.5981   92
 2.6031   83
 2.6081   83
 2.6131   63
 2.6181   64
 2.6231   73
 2.6281   62
 2.6331   68
 2.6381   75
 2.6431   63
 2.6481   52
 2.6531   63
 2.6581   59
 2.6631   45
 2.6681   46
 2.6731   50
 2.6781   40
 2.6831   40
 2.6881   37
 2.6931   43
 2.6981   34
 2.7031   39
 2.7081   35
 2.7131   30
 2.7181   34
 2.7231   32
 2.7281   30
 2.7331   39
 2.7381   41
 2.7431   35
 2.7481   32
 2.7531   32
 2.7581   36
 2.7631   28
 2.7681   34
 2.7731   37
 2.7781   39
 2.7831   32
 2.7881   54
 2.7931   47
 2.7981   53
 2.8031   42
 2.8081   44
 2.8131   63
 2.8181   54
 2.8231   46
 2.8281   47
 2.8331   51
 2.8381   52
 2.8431   43
 2.8481   56
 2.8531   43
 2.8581   43
 2.8631   37
 2.8681   55
 2.8731   44
 2.8781   48
 2.8831   43
 2.8881   38
 2.8931   40
 2.8981   34
 2.9031   24
 2.9081   41
 2.9131   34
 2.9181   28
 2.9231   29
 2.9281   30
 2.9331   30
 2.9381   24
 2.9431   27
 2.9481   35
 2.9531   37
 2.9581   27
 2.9631   39
 2.9681   32
 2.9731   28
 2.9781   23
 2.9831   31
 2.9881   29
 2.9931   30
 2.9981   35
 3.0031   38
 3.0081   30
 3.0131   38
 3.0181   25
 3.0231   28
 3.0281   28
 3.0331   24
 3.0381   33
 3.0431   28
 3.0481   38
 3.0531   37
 3.0581   35
 3.0631   36
 3.0681   34
 3.0731   28
 3.0781   34
 3.0831   28
 3.0881   30
 3.0931   23
 3.0981   38
 3.1031   32
 3.1081   29
 3.1131   34
 3.1181   34
 3.1231   23
 3.1281   29
 3.1331   33
 3.1381   35
 3.1431   36
 3.1481   36
 3.1531   32
 3.1581   27
 3.1631   29
 3.1681   34
 3.1731   29
 3.1781   26
 3.1831   34
 3.1881   35
 3.1931   33
 3.1981   35
 3.2031   44
 3.2081   40
 3.2131   29
 3.2181   36
 3.2231   38
 3.2281   42
 3.2331   32
 3.2381   22
 3.2431   31
 3.2481   28
 3.2531   33
 3.2581   34
 3.2631   35
 3.2681   38
 3.2731   30
 3.2781   39
 3.2831   36
 3.2881   38
 3.2931   41
 3.2981   38
 3.3031   33
 3.3081   39
 3.3131   37
 3.3181   41
 3.3231   37
 3.3281   48
 3.3331   40
 3.3381   39
 3.3431   42
 3.3481   35
 3.3531   39
 3.3581   37
 3.3631   34
 3.3681   30
 3.3731   23
 3.3781   30
 3.3831   32
 3.3881   30
 3.3931   32
 3.3981   34
 3.4031   34
 3.4081   30
 3.4131   36
 3.4181   42
 3.4231   41
 3.4281   29
 3.4331   37
 3.4381   46
 3.4431   35
 3.4481   39
 3.4531   35
 3.4581   31
 3.4631   31
 3.4681   40
 3.4731   34
 3.4781   42
 3.4831   32
 3.4881   41
 3.4931   27
 3.4981   40
 3.5031   38
 3.5081   36
 3.5131   30
 3.5181   42
 3.5231   39
 3.5281   37
 3.5331   40
 3.5381   38
 3.5431   35
 3.5481   32
 3.5531   38
 3.5581   32
 3.5631   37
 3.5681   34
 3.5731   34
 3.5781   41
 3.5831   38
 3.5881   30
 3.5931   44
 3.5981   35
 3.6031   32
 3.6081   46
 3.6131   35
 3.6181   40
 3.6231   34
 3.6281   37
 3.6331   43
 3.6381   37
 3.6431   36
 3.6481   45
 3.6531   37
 3.6581   38
 3.6631   37
 3.6681   27
 3.6731   39
 3.6781   50
 3.6831   49
 3.6881   38
 3.6931   36
 3.6981   36
 3.7031   37
 3.7081   44
 3.7131   43
 3.7181   46
 3.7231   45
 3.7281   38
 3.7331   32
 3.7381   43
 3.7431   40
 3.7481   31
 3.7531   28
 3.7581   37
 3.7631   37
 3.7681   27
 3.7731   39
 3.7781   35
 3.7831   49
 3.7881   34
 3.7931   32
 3.7981   39
 3.8031   41
 3.8081   41
 3.8131   42
 3.8181   38
 3.8231   38
 3.8281   34
 3.8331   38
 3.8381   37
 3.8431   34
 3.8481   35
 3.8531   44
 3.8581   55
 3.8631   35
 3.8681   32
 3.8731   33
 3.8781   40
 3.8831   48
 3.8881   42
 3.8931   47
 3.8981   32
 3.9031   46
 3.9081   35
 3.9131   36
 3.9181   50
 3.9231   40
 3.9281   50
 3.9331   40
 3.9381   34
 3.9431   34
 3.9481   35
 3.9531   46
 3.9581   43
 3.9631   39
 3.9681   41
 3.9731   43
 3.9781   44
 3.9831   34
 3.9881   28
 3.9931   47
 3.9981   42
 4.0031   41
 4.0081   36
 4.0131   42
 4.0181   45
 4.0231   43
 4.0281   40
 4.0331   36
 4.0381   50
 4.0431   35
 4.0481   40
 4.0531   38
 4.0581   34
 4.0631   48
 4.0681   53
 4.0731   46
 4.0781   44
 4.0831   41
 4.0881   39
 4.0931   46
 4.0981   50
 4.1031   33
 4.1081   46
 4.1131   35
 4.1181   41
 4.1231   46
 4.1281   43
 4.1331   31
 4.1381   31
 4.1431   31
 4.1481   37
 4.1531   40
 4.1581   39
 4.1631   42
 4.1681   57
 4.1731   45
 4.1781   40
 4.1831   40
 4.1881   53
 4.1931   48
 4.1981   49
 4.2031   47
 4.2081   48
 4.2131   38
 4.2181   36
 4.2231   47
 4.2281   42
 4.2331   29
 4.2381   34
 4.2431   38
 4.2481   35
 4.2531   42
 4.2581   38
 4.2631   44
 4.2681   44
 4.2731   46
 4.2781   43
 4.2831   45
 4.2881   41
 4.2931   44
 4.2981   44
 4.3031   39
 4.3081   36
 4.3131   38
 4.3181   48
 4.3231   47
 4.3281   42
 4.3331   46
 4.3381   39
 4.3431   44
 4.3481   47
 4.3531   43
 4.3581   44
 4.3631   52
 4.3681   41
 4.3731   41
 4.3781   41
 4.3831   41
 4.3881   47
 4.3931   45
 4.3981   36
 4.4031   34
 4.4081   39
 4.4131   40
 4.4181   45
 4.4231   43
 4.4281   34
 4.4331   29
 4.4381   36
 4.4431   45
 4.4481   40
 4.4531   39
 4.4581   37
 4.4631   43
 4.4681   38
 4.4731   38
 4.4781   41
 4.4831   41
 4.4881   48
 4.4931   48
 4.4981   51
 4.5031   51
 4.5081   46
 4.5131   45
 4.5181   53
 4.5231   49
 4.5281   38
 4.5331   37
 4.5381   45
 4.5431   49
 4.5481   47
 4.5531   54
 4.5581   49
 4.5631   41
 4.5681   39
 4.5731   38
 4.5781   34
 4.5831   35
 4.5881   41
 4.5931   39
 4.5981   47
 4.6031   46
 4.6081   39
 4.6131   40
 4.6181   40
 4.6231   44
 4.6281   49
 4.6331   57
 4.6381   45
 4.6431   38
 4.6481   49
 4.6531   51
 4.6581   45
 4.6631   43
 4.6681   47
 4.6731   48
 4.6781   45
 4.6831   50
 4.6881   48
 4.6931   42
 4.6981   39
 4.7031   40
 4.7081   43
 4.7131   46
 4.7181   49
 4.7231   47
 4.7281   43
 4.7331   43
 4.7381   43
 4.7431   40
 4.7481   51
 4.7531   52
 4.7581   45
 4.7631   46
 4.7681   42
 4.7731   44
 4.7781   44
 4.7831   41
 4.7881   43
 4.7931   49
 4.7981   45
 4.8031   37
 4.8081   43
 4.8131   47
 4.8181   44
 4.8231   41
 4.8281   43
 4.8331   45
 4.8381   47
 4.8431   53
 4.8481   49
 4.8531   43
 4.8581   44
 4.8631   46
 4.8681   48
 4.8731   50
 4.8781   47
 4.8831   38
 4.8881   40
 4.8931   45
 4.8981   41
 4.9031   41
 4.9081   43
 4.9131   42
 4.9181   47
 4.9231   53
 4.9281   50
 4.9331   40
 4.9381   42
 4.9431   46
 4.9481   45
 4.9531   44
 4.9581   39
 4.9631   42
 4.9681   37
 4.9731   36
 4.9781   46
 4.9831   40
 4.9881   37
 4.9931   38
 4.9981   41
 5.0031   43
 5.0081   41
 5.0131   46
 5.0181   45
 5.0231   46
 5.0281   44
 5.0331   46
 5.0381   42
 5.0431   32
 5.0481   33
 5.0531   40
 5.0581   52
 5.0631   51
 5.0681   56
 5.0731   52
 5.0781   47
 5.0831   48
 5.0881   46
 5.0931   40
 5.0981   47
 5.1031   48
 5.1081   43
 5.1131   48
 5.1181   44
 5.1231   42
 5.1281   46
 5.1331   52
 5.1381   44
 5.1431   48
 5.1481   51
 5.1531   46
 5.1581   49
 5.1631   48
 5.1681   35
 5.1731   35
 5.1781   42
 5.1831   52
 5.1881   53
 5.1931   47
 5.1981   46
 5.2031   45
 5.2081   39
 5.2131   39
 5.2181   48
 5.2231   49
 5.2281   47
 5.2331   44
 5.2381   39
 5.2431   33
 5.2481   39
 5.2531   41
 5.2581   29
 5.2631   28
 5.2681   41
 5.2731   52
 5.2781   47
 5.2831   45
 5.2881   44
 5.2931   39
 5.2981   43
 5.3031   40
 5.3081   39
 5.3131   42
 5.3181   50
 5.3231   47
 5.3281   43
 5.3331   47
 5.3381   44
 5.3431   46
 5.3481   50
 5.3531   50
 5.3581   32
 5.3631   37
 5.3681   46
 5.3731   45
 5.3781   54
 5.3831   50
 5.3881   39
 5.3931   39
 5.3981   43
 5.4031   48
 5.4081   39
 5.4131   43
 5.4181   47
 5.4231   47
 5.4281   47
 5.4331   56
 5.4381   53
 5.4431   39
 5.4481   41
 5.4531   40
 5.4581   41
 5.4631   47
 5.4681   40
 5.4731   36
 5.4781   36
 5.4831   44
 5.4881   33
 5.4931   35
 5.4981   51
 5.5031   50
 5.5081   47
 5.5131   53
 5.5181   47
 5.5231   47
 5.5281   35
 5.5331   30
 5.5381   38
 5.5431   41
 5.5481   42
 5.5531   39
 5.5581   37
 5.5631   37
 5.5681   48
 5.5731   39
 5.5781   46
 5.5831   35
 5.5881   38
 5.5931   46
 5.5981   42
 5.6031   31
 5.6081   35
 5.6131   53
 5.6181   39
 5.6231   37
 5.6281   47
 5.6331   38
 5.6381   41
 5.6431   42
 5.6481   52
 5.6531   44
 5.6581   50
 5.6631   41
 5.6681   47
 5.6731   39
 5.6781   39
 5.6831   27
 5.6881   45
 5.6931   43
 5.6981   34
 5.7031   39
 5.7081   45
 5.7131   43
 5.7181   45
 5.7231   44
 5.7281   45
 5.7331   32
 5.7381   44
 5.7431   43
 5.7481   37
 5.7531   49
 5.7581   46
 5.7631   43
 5.7681   40
 5.7731   50
 5.7781   42
 5.7831   52
 5.7881   52
 5.7931   44
 5.7981   50
 5.8031   43
 5.8081   48
 5.8131   36
 5.8181   49
 5.8231   41
 5.8281   41
 5.8331   39
 5.8381   46
 5.8431   40
 5.8481   38
 5.8531   51
 5.8581   56
 5.8631   55
 5.8681   38
 5.8731   44
 5.8781   38
 5.8831   40
 5.8881   39
 5.8931   51
 5.8981   49
 5.9031   45
 5.9081   41
 5.9131   43
 5.9181   49
 5.9231   54
 5.9281   50
 5.9331   34
 5.9381   55
 5.9431   42
 5.9481   34
 5.9531   35
 5.9581   44
 5.9631   43
 5.9681   37
 5.9731   41
 5.9781   41
 5.9831   42
 5.9881   43
 5.9931   42
 5.9981   42
 6.0031   40
 6.0081   40
 6.0131   54
 6.0181   43
 6.0231   49
 6.0281   36
 6.0331   42
 6.0381   40
 6.0431   40
 6.0481   43
 6.0531   41
 6.0581   40
 6.0631   43
 6.0681   34
 6.0731   46
 6.0781   36
 6.0831   44
 6.0881   43
 6.0931   43
 6.0981   49
 6.1031   46
 6.1081   35
 6.1131   38
 6.1181   41
 6.1231   49
 6.1281   33
 6.1331   36
 6.1381   41
 6.1431   51
 6.1481   45
 6.1531   41
 6.1581   36
 6.1631   44
 6.1681   41
 6.1731   28
 6.1781   39
 6.1831   42
 6.1881   31
 6.1931   41
 6.1981   33
 6.2031   40
 6.2081   34
 6.2131   37
 6.2181   54
 6.2231   40
 6.2281   28
 6.2331   33
 6.2381   38
 6.2431   43
 6.2481   43
 6.2531   34
 6.2581   37
 6.2631   37
 6.2681   35
 6.2731   57
 6.2781   45
 6.2831   48
 6.2881   41
 6.2931   46
 6.2981   58
 6.3031   46
 6.3081   39
 6.3131   41
 6.3181   46
 6.3231   40
 6.3281   53
 6.3331   52
 6.3381   49
 6.3431   45
 6.3481   37
 6.3531   53
 6.3581   42
 6.3631   59
 6.3681   49
 6.3731   56
 6.3781   43
 6.3831   55
 6.3881   52
 6.3931   60
 6.3981   55
 6.4031   49
 6.4081   42
 6.4131   54
 6.4181   32
 6.4231   48
 6.4281   34
 6.4331   50
 6.4381   37
 6.4431   59
 6.4481   54
 6.4531   60
 6.4581   40
 6.4631   35
 6.4681   39
 6.4731   49
 6.4781   43
 6.4831   38
 6.4881   45
 6.4931   39
 6.4981   36
 6.5031   44
 6.5081   45
 6.5131   36
 6.5181   37
 6.5231   50
 6.5281   40
 6.5331   46
 6.5381   38
 6.5431   44
 6.5481   39
 6.5531   40
 6.5581   31
 6.5631   51
 6.5681   39
 6.5731   32
 6.5781   43
 6.5831   36
 6.5881   34
 6.5931   44
 6.5981   34
 6.6031   40
 6.6081   43
 6.6131   42
 6.6181   51
 6.6231   47
 6.6281   35
 6.6331   47
 6.6381   32
 6.6431   44
 6.6481   41
 6.6531   42
 6.6581   40
 6.6631   36
 6.6681   39
 6.6731   45
 6.6781   40
 6.6831   45
 6.6881   33
 6.6931   46
 6.6981   33
 6.7031   41
 6.7081   33
 6.7131   42
 6.7181   37
 6.7231   40
 6.7281   39
 6.7331   38
 6.7381   29
 6.7431   46
 6.7481   40
 6.7531   31
 6.7581   41
 6.7631   52
 6.7681   50
 6.7731   43
 6.7781   36
 6.7831   46
 6.7881   36
 6.7931   47
 6.7981   37
 6.8031   31
 6.8081   37
 6.8131   46
 6.8181   40
 6.8231   43
 6.8281   43
 6.8331   31
 6.8381   47
 6.8431   33
 6.8481   35
 6.8531   37
 6.8581   44
 6.8631   46
 6.8681   30
 6.8731   48
 6.8781   33
 6.8831   43
 6.8881   37
 6.8931   45
 6.8981   48
 6.9031   41
 6.9081   26
 6.9131   42
 6.9181   36
 6.9231   43
 6.9281   44
 6.9331   28
 6.9381   43
 6.9431   38
 6.9481   44
 6.9531   42
 6.9581   47
 6.9631   36
 6.9681   47
 6.9731   40
 6.9781   38
 6.9831   36
 6.9881   45
 6.9931   37
 6.9981   36
 7.0031   42
 7.0081   49
 7.0131   50
 7.0181   30
 7.0231   43
 7.0281   40
 7.0331   47
 7.0381   41
 7.0431   34
 7.0481   28
 7.0531   38
 7.0581   42
 7.0631   44
 7.0681   36
 7.0731   36
 7.0781   43
 7.0831   41
 7.0881   39
 7.0931   33
 7.0981   45
 7.1031   44
 7.1081   40
 7.1131   47
 7.1181   41
 7.1231   39
 7.1281   48
 7.1331   42
 7.1381   45
 7.1431   32
 7.1481   43
 7.1531   36
 7.1581   37
 7.1631   29
 7.1681   41
 7.1731   35
 7.1781   42
 7.1831   47
 7.1881   27
 7.1931   36
 7.1981   29
 7.2031   38
 7.2081   43
 7.2131   33
 7.2181   46
 7.2231   35
 7.2281   45
 7.2331   41
 7.2381   40
 7.2431   39
 7.2481   41
 7.2531   37
 7.2581   40
 7.2631   27
 7.2681   23
 7.2731   35
 7.2781   39
 7.2831   32
 7.2881   35
 7.2931   41
 7.2981   46
 7.3031   35
 7.3081   35
 7.3131   36
 7.3181   37
 7.3231   44
 7.3281   38
 7.3331   32
 7.3381   39
 7.3431   40
 7.3481   57
 7.3531   45
 7.3581   44
 7.3631   32
 7.3681   31
 7.3731   45
 7.3781   45
 7.3831   33
 7.3881   43
 7.3931   38
 7.3981   35
 7.4031   45
 7.4081   41
 7.4131   41
 7.4181   53
 7.4231   53
 7.4281   48
 7.4331   52
 7.4381   42
 7.4431   57
 7.4481   40
 7.4531   48
 7.4581   61
 7.4631   31
 7.4681   33
 7.4731   51
 7.4781   53
 7.4831   45
 7.4881   41
 7.4931   58
 7.4981   44
 7.5031   37
 7.5081   47
 7.5131   41
 7.5181   47
 7.5231   43
 7.5281   39
 7.5331   34
 7.5381   44
 7.5431   47
 7.5481   35
 7.5531   47
 7.5581   42
 7.5631   44
 7.5681   32
 7.5731   46
 7.5781   45
 7.5831   30
 7.5881   41
 7.5931   34
 7.5981   39
 7.6031   39
 7.6081   37
 7.6131   31
 7.6181   52
 7.6231   32
 7.6281   44
 7.6331   31
 7.6381   34
 7.6431   41
 7.6481   30
 7.6531   33
 7.6581   27
 7.6631   35
 7.6681   37
 7.6731   40
 7.6781   35
 7.6831   38
 7.6881   42
 7.6931   27
 7.6981   38
 7.7031   42
 7.7081   31
 7.7131   35
 7.7181   37
 7.7231   38
 7.7281   35
 7.7331   40
 7.7381   44
 7.7431   31
 7.7481   27
 7.7531   41
 7.7581   38
 7.7631   38
 7.7681   30
 7.7731   49
 7.7781   55
 7.7831   36
 7.7881   51
 7.7931   31
 7.7981   30
 7.8031   41
 7.8081   42
 7.8131   39
 7.8181   43
 7.8231   37
 7.8281   33
 7.8331   34
 7.8381   33
 7.8431   43
 7.8481   48
 7.8531   36
 7.8581   38
 7.8631   29
 7.8681   38
 7.8731   29
 7.8781   35
 7.8831   38
 7.8881   35
 7.8931   33
 7.8981   28
 7.9031   42
 7.9081   41
 7.9131   39
 7.9181   34
 7.9231   43
 7.9281   32
 7.9331   35
 7.9381   47
 7.9431   36
 7.9481   38
 7.9531   33
 7.9581   36
 7.9631   33
 7.9681   25
 7.9731   42
 7.9781   46
 7.9831   48
 7.9881   46
 7.9931   41
 7.9981   49
 8.0031   38
 8.0081   40
 8.0131   40
 8.0181   33
 8.0231   51
 8.0281   34
 8.0331   38
 8.0381   47
 8.0431   35
 8.0481   47
 8.0531   50
 8.0581   46
 8.0631   38
 8.0681   53
 8.0731   39
 8.0781   35
 8.0831   46
 8.0881   42
 8.0931   45
 8.0981   50
 8.1031   37
 8.1081   28
 8.1131   39
 8.1181   40
 8.1231   35
 8.1281   34
 8.1331   39
 8.1381   38
 8.1431   47
 8.1481   37
 8.1531   30
 8.1581   36
 8.1631   36
 8.1681   34
 8.1731   39
 8.1781   36
 8.1831   36
 8.1881   29
 8.1931   37
 8.1981   34
 8.2031   32
 8.2081   46
 8.2131   46
 8.2181   48
 8.2231   36
 8.2281   39
 8.2331   44
 8.2381   35
 8.2431   29
 8.2481   34
 8.2531   40
 8.2581   45
 8.2631   33
 8.2681   35
 8.2731   35
 8.2781   27
 8.2831   32
 8.2881   45
 8.2931   35
 8.2981   31
 8.3031   29
 8.3081   30
 8.3131   32
 8.3181   37
 8.3231   23
 8.3281   26
 8.3331   40
 8.3381   40
 8.3431   37
 8.3481   26
 8.3531   37
 8.3581   32
 8.3631   28
 8.3681   32
 8.3731   42
 8.3781   43
 8.3831   32
 8.3881   31
 8.3931   47
 8.3981   24
 8.4031   32
 8.4081   37
 8.4131   28
 8.4181   26
 8.4231   32
 8.4281   26
 8.4331   35
 8.4381   29
 8.4431   42
 8.4481   37
 8.4531   43
 8.4581   36
 8.4631   35
 8.4681   42
 8.4731   27
 8.4781   37
 8.4831   32
 8.4881   32
 8.4931   33
 8.4981   31
 8.5031   27
 8.5081   41
 8.5131   30
 8.5181   35
 8.5231   33
 8.5281   29
 8.5331   29
 8.5381   35
 8.5431   29
 8.5481   32
 8.5531   39
 8.5581   28
 8.5631   30
 8.5681   25
 8.5731   25
 8.5781   27
 8.5831   37
 8.5881   29
 8.5931   40
 8.5981   25
 8.6031   38
 8.6081   30
 8.6131   47
 8.6181   34
 8.6231   43
 8.6281   36
 8.6331   42
 8.6381   29
 8.6431   33
 8.6481   30
 8.6531   29
 8.6581   22
 8.6631   30
 8.6681   38
 8.6731   36
 8.6781   37
 8.6831   40
 8.6881   33
 8.6931   23
 8.6981   28
 8.7031   31
 8.7081   42
 8.7131   29
 8.7181   33
 8.7231   35
 8.7281   45
 8.7331   33
 8.7381   32
 8.7431   26
 8.7481   37
 8.7531   38
 8.7581   34
 8.7631   27
 8.7681   33
 8.7731   36
 8.7781   23
 8.7831   29
 8.7881   33
 8.7931   28
 8.7981   26
 8.8031   34
 8.8081   39
 8.8131   38
 8.8181   32
 8.8231   33
 8.8281   32
 8.8331   37
 8.8381   37
 8.8431   24
 8.8481   37
 8.8531   45
 8.8581   40
 8.8631   35
 8.8681   37
 8.8731   32
 8.8781   35
 8.8831   34
 8.8881   28
 8.8931   41
 8.8981   38
 8.9031   36
 8.9081   34
 8.9131   35
 8.9181   34
 8.9231   33
 8.9281   33
 8.9331   30
 8.9381   28
 8.9431   24
 8.9481   26
 8.9531   44
 8.9581   31
 8.9631   28
 8.9681   37
 8.9731   29
 8.9781   30
 8.9831   33
 8.9881   36
 8.9931   27
 8.9981   27
 9.0031   28
 9.0081   32
 9.0131   37
 9.0181   34
 9.0231   35
 9.0281   28
 9.0331   33
 9.0381   25
 9.0431   30
 9.0481   26
 9.0531   32
 9.0581   32
 9.0631   24
 9.0681   22
 9.0731   46
 9.0781   34
 9.0831   33
 9.0881   32
 9.0931   31
 9.0981   33
 9.1031   29
 9.1081   30
 9.1131   25
 9.1181   17
 9.1231   30
 9.1281   41
 9.1331   34
 9.1381   32
 9.1431   32
 9.1481   30
 9.1531   29
 9.1581   39
 9.1631   29
 9.1681   28
 9.1731   34
 9.1781   29
 9.1831   30
 9.1881   26
 9.1931   39
 9.1981   37
 9.2031   34
 9.2081   25
 9.2131   34
 9.2181   23
 9.2231   34
 9.2281   25
 9.2331   26
 9.2381   32
 9.2431   25
 9.2481   28
 9.2531   18
 9.2581   26
 9.2631   32
 9.2681   25
 9.2731   26
 9.2781   36
 9.2831   27
 9.2881   26
 9.2931   24
 9.2981   40
 9.3031   34
 9.3081   21
 9.3131   31
 9.3181   26
 9.3231   37
 9.3281   39
 9.3331   29
 9.3381   28
 9.3431   27
 9.3481   30
 9.3531   28
 9.3581   37
 9.3631   36
 9.3681   43
 9.3731   28
 9.3781   30
 9.3831   26
 9.3881   32
 9.3931   25
 9.3981   28
 9.4031   41
 9.4081   31
 9.4131   22
 9.4181   28
 9.4231   32
 9.4281   28
 9.4331   28
 9.4381   27
 9.4431   28
 9.4481   29
 9.4531   30
 9.4581   27
 9.4631   19
 9.4681   27
 9.4731   23
 9.4781   26
 9.4831   27
 9.4881   30
 9.4931   31
 9.4981   27
 9.5031   31
 9.5081   30
 9.5131   35
 9.5181   25
 9.5231   29
 9.5281   39
 9.5331   27
 9.5381   26
 9.5431   30
 9.5481   30
 9.5531   39
 9.5581   31
 9.5631   25
 9.5681   34
 9.5731   31
 9.5781   28
 9.5831   24
 9.5881   29
 9.5931   29
 9.5981   33
 9.6031   35
 9.6081   29
 9.6131   21
 9.6181   29
 9.6231   24
 9.6281   24
 9.6331   39
 9.6381   27
 9.6431   31
 9.6481   31
 9.6531   18
 9.6581   30
 9.6631   26
 9.6681   36
 9.6731   26
 9.6781   26
 9.6831   19
 9.6881   29
 9.6931   25
 9.6981   42
 9.7031   30
 9.7081   37
 9.7131   25
 9.7181   27
 9.7231   36
 9.7281   24
 9.7331   42
 9.7381   29
 9.7431   30
 9.7481   34
 9.7531   30
 9.7581   32
 9.7631   26
 9.7681   26
 9.7731   29
 9.7781   22
 9.7831   27
 9.7881   27
 9.7931   27
 9.7981   21
 9.8031   30
 9.8081   31
 9.8131   29
 9.8181   26
 9.8231   25
 9.8281   32
 9.8331   27
 9.8381   27
 9.8431   20
 9.8481   24
 9.8531   27
 9.8581   30
 9.8631   21
 9.8681   27
 9.8731   28
 9.8781   21
 9.8831   19
 9.8881   21
 9.8931   29
 9.8981   25
 9.9031   27
 9.9081   34
 9.9131   27
 9.9181   32
 9.9231   28
 9.9281   33
 9.9331   35
 9.9381   29
 9.9431   30
 9.9481   29
 9.9531   34
 9.9581   29
 9.9631   25
 9.9681   37
 9.9731   28
 9.9781   32
 9.9831   20
 9.9881   25
 9.9931   23
 9.9981   32
10.0031   22
10.0081   26
10.0131   19
10.0181   21
10.0231   34
10.0281   28
10.0331   25
10.0381   32
10.0431   32
10.0481   26
10.0531   31
10.0581   26
10.0631   28
10.0681   24
10.0731   27
10.0781   29
10.0831   22
10.0881   24
10.0931   31
10.0981   32
10.1031   32
10.1081   24
10.1131   29
10.1181   27
10.1231   20
10.1281   29
10.1331   22
10.1381   25
10.1431   41
10.1481   26
10.1531   38
10.1581   21
10.1631   39
10.1681   23
10.1731   29
10.1781   28
10.1831   34
10.1881   17
10.1931   30
10.1981   35
10.2031   35
10.2081   30
10.2131   20
10.2181   19
10.2231   29
10.2281   24
10.2331   23
10.2381   26
10.2431   22
10.2481   23
10.2531   39
10.2581   26
10.2631   14
10.2681   24
10.2731   22
10.2781   16
10.2831   27
10.2881   29
10.2931   23
10.2981   28
10.3031   22
10.3081   21
10.3131   28
10.3181   22
10.3231   34
10.3281   29
10.3331   16
10.3381   39
10.3431   19
10.3481   32
10.3531   21
10.3581   34
10.3631   26
10.3681   24
10.3731   25
10.3781   24
10.3831   19
10.3881   31
10.3931   25
10.3981   16
10.4031   23
10.4081   22
10.4131   26
10.4181   21
10.4231   21
10.4281   32
10.4331   23
10.4381   24
10.4431   31
10.4481   26
10.4531   17
10.4581   19
10.4631   21
10.4681   17
10.4731   20
10.4781   26
10.4831   26
10.4881   27
10.4931   29
10.4981   25
10.5031   32
10.5081   28
10.5131   28
10.5181   24
10.5231   30
10.5281   30
10.5331   26
10.5381   32
10.5431   30
10.5481   32
10.5531   27
10.5581   20
10.5631   25
10.5681   40
10.5731   17
10.5781   29
10.5831   29
10.5881   30
10.5931   24
10.5981   28
10.6031   21
10.6081   26
10.6131   31
10.6181   22
10.6231   28
10.6281   22
10.6331   32
10.6381   19
10.6431   19
10.6481   26
10.6531   28
10.6581   23
10.6631   16
10.6681   32
10.6731   25
10.6781   15
10.6831   22
10.6881   29
10.6931   26
10.6981   26
10.7031   30
10.7081   25
10.7131   27
10.7181   26
10.7231   18
10.7281   21
10.7331   18
10.7381   16
10.7431   20
10.7481   21
10.7531   22
10.7581   24
10.7631   32
10.7681   27
10.7731   28
10.7781   26
10.7831   28
10.7881   28
10.7931   23
10.7981   19
10.8031   29
10.8081   31
10.8131   25
10.8181   20
10.8231   24
10.8281   18
10.8331   26
10.8381   29
10.8431   24
10.8481   25
10.8531   14
10.8581   17
10.8631   33
10.8681   23
10.8731   23
10.8781   28
10.8831   36
10.8881   23
10.8931   30
10.8981   29
10.9031   22
10.9081   20
10.9131   17
10.9181   24
10.9231   32
10.9281   25
10.9331   27
10.9381   29
10.9431   30
10.9481   22
10.9531   27
10.9581   22
10.9631   20
10.9681   21
10.9731   22
10.9781   20
10.9831   33
10.9881   21
10.9931   23
10.9981   24
11.0031   20
11.0081   23
11.0131   29
11.0181   29
11.0231   23
11.0281   28
11.0331   20
11.0381   28
11.0431   35
11.0481   20
11.0531   22
11.0581   19
11.0631   29
11.0681   23
11.0731   25
11.0781   23
11.0831   25
11.0881   30
11.0931   26
11.0981   30
11.1031   23
11.1081   18
11.1131   20
11.1181   21
11.1231   25
11.1281   23
11.1331   21
11.1381   26
11.1431   14
11.1481   22
11.1531   25
11.1581   21
11.1631   28
11.1681   19
11.1731   23
11.1781   22
11.1831   21
11.1881   17
11.1931   20
11.1981   21
11.2031   28
11.2081   30
11.2131   20
11.2181   21
11.2231   25
11.2281   32
11.2331   18
11.2381   18
11.2431   29
11.2481   26
11.2531   23
11.2581   23
11.2631   16
11.2681   33
11.2731   25
11.2781   25
11.2831   25
11.2881   25
11.2931   33
11.2981   26
11.3031   22
11.3081   21
11.3131   30
11.3181   20
11.3231   30
11.3281   22
11.3331   19
11.3381   20
11.3431   25
11.3481   25
11.3531   20
11.3581   19
11.3631   21
11.3681   24
11.3731   31
11.3781   23
11.3831   22
11.3881   17
11.3931   19
11.3981   17
11.4031   25
11.4081   27
11.4131   26
11.4181   12
11.4231   28
11.4281   24
11.4331   27
11.4381   16
11.4431   21
11.4481   16
11.4531   17
11.4581   19
11.4631   21
11.4681   24
11.4731   20
11.4781   22
11.4831   19
11.4881   25
11.4931   19
11.4981   33
11.5031   18
11.5081   27
11.5131   18
11.5181   27
11.5231   26
11.5281   26
11.5331   23
11.5381   17
11.5431   19
11.5481   24
11.5531   18
11.5581   23
11.5631   25
11.5681   23
11.5731   19
11.5781   16
11.5831   19
11.5881   13
11.5931   24
11.5981   21
11.6031   16
11.6081   16
11.6131   17
11.6181   27
11.6231   16
11.6281   35
11.6331   24
11.6381   20
11.6431   28
11.6481   17
11.6531   27
11.6581   25
11.6631   19
11.6681   30
11.6731   12
11.6781   21
11.6831   30
11.6881   20
11.6931   26
11.6981   27
11.7031   18
11.7081   19
11.7131   18
11.7181   21
11.7231   22
11.7281   14
11.7331   22
11.7381   20
11.7431   19
11.7481   27
11.7531   20
11.7581   16
11.7631   13
11.7681   32
11.7731   25
11.7781   23
11.7831   23
11.7881   21
11.7931   17
11.7981   28
11.8031   29
11.8081   19
11.8131   20
11.8181   26
11.8231    9
11.8281   13
11.8331   18
11.8381   20
11.8431   24
11.8481   22
11.8531   13
11.8581   18
11.8631   24
11.8681   18
11.8731   27
11.8781   22
11.8831   17
11.8881   15
11.8931   13
11.8981   25
11.9031   15
11.9081   25
11.9131   21
11.9181   31
11.9231   25
11.9281   17
11.9331   20
11.9381   14
11.9431   15
11.9481   17
11.9531   22
11.9581   23
11.9631   24
11.9681   25
11.9731   21
11.9781   20
11.9831   26
11.9881   22
11.9931   24
11.9981   18
12.0031   24
12.0081   15
12.0131   22
12.0181   16
12.0231   17
12.0281   13
12.0331   16
12.0381   25
12.0431   20
12.0481   25
12.0531   16
12.0581   19
12.0631   27
12.0681   18
12.0731   14
12.0781   17
12.0831   22
12.0881   17
12.0931   21
12.0981   21
12.1031   18
12.1081   22
12.1131   17
12.1181   15
12.1231   18
12.1281   25
12.1331   18
12.1381   24
12.1431   18
12.1481   21
12.1531   12
12.1581   21
12.1631   21
12.1681   19
12.1731   17
12.1781   24
12.1831   14
12.1881   14
12.1931   24
12.1981   21
12.2031   22
12.2081   20
12.2131   23
12.2181   21
12.2231   14
12.2281   23
12.2331   19
12.2381   22
12.2431   18
12.2481   15
12.2531   23
12.2581   18
12.2631   14
12.2681   22
12.2731   24
12.2781   14
12.2831   17
12.2881   23
12.2931   16
12.2981   12
12.3031   23
12.3081   15
12.3131   18
12.3181   14
12.3231   19
12.3281   25
12.3331   14
12.3381   18
12.3431   11
12.3481   13
12.3531   20
12.3581   26
12.3631   17
12.3681   17
12.3731   20
12.3781   20
12.3831   23
12.3881   22
12.3931   18
12.3981   22
12.4031   18
12.4081   21
12.4131   14
12.4181   20
12.4231   16
12.4281   21
12.4331   17
12.4381   17
12.4431   14
12.4481   12
12.4531   17
12.4581   18
12.4631   14
12.4681   22
12.4731   20
12.4781   18
12.4831   18
12.4881   14
12.4931   20
12.4981   16
12.5031   25
12.5081   14
12.5131   19
12.5181   24
12.5231   15
12.5281   21
12.5331   24
12.5381   17
12.5431   23
12.5481   15
12.5531   19
12.5581   19
12.5631   17
12.5681   19
12.5731   24
12.5781   17
12.5831   16
12.5881   14
12.5931   22
12.5981   17
12.6031   18
12.6081   13
12.6131   21
12.6181   24
12.6231   16
12.6281   20
12.6331   14
12.6381   20
12.6431   20
12.6481   13
12.6531   17
12.6581   23
12.6631   24
12.6681   16
12.6731   15
12.6781   23
12.6831   23
12.6881   18
12.6931   21
12.6981   20
12.7031   18
12.7081   13
12.7131   15
12.7181   10
12.7231   15
12.7281   12
12.7331   12
12.7381   17
12.7431   15
12.7481    7
12.7531   10
12.7581   25
12.7631   28
12.7681   11
12.7731   14
12.7781    6
12.7831   14
12.7881   18
12.7931   13
12.7981   15
12.8031   12
12.8081   17
12.8131   22
12.8181   14
12.8231   16
12.8281   15
12.8331   12
12.8381   19
12.8431   11
12.8481   24
12.8531   19
12.8581   16
12.8631   16
12.8681   24
12.8731   13
12.8781   19
12.8831   20
12.8881   19
12.8931   15
12.8981   22
12.9031   16
12.9081   11
12.9131   24
12.9181   19
12.9231   17
12.9281   16
12.9331   10
12.9381   11
12.9431   18
12.9481   18
12.9531   16
12.9581   13
12.9631   17
12.9681   20
12.9731   24
12.9781   18
12.9831   12
12.9881   24
12.9931   22
12.9981   15
13.0031   18
13.0081   16
13.0131   17
13.0181   12
13.0231   13
13.0281    9
13.0331   12
13.0381   20
13.0431   22
13.0481   17
13.0531   17
13.0581   14
13.0631   19
13.0681   14
13.0731   13
13.0781   20
13.0831   12
13.0881   16
13.0931   20
13.0981   20
13.1031   15
13.1081   24
13.1131   12
13.1181   18
13.1231   18
13.1281   16
13.1331   16
13.1381   23
13.1431   20
13.1481   12
13.1531   12
13.1581   16
13.1631   10
13.1681   22
13.1731   21
13.1781   11
13.1831   17
13.1881   20
13.1931   17
13.1981   15
13.2031   14
13.2081   17
13.2131   10
13.2181   20
13.2231   14
13.2281   16
13.2331   22
13.2381   18
13.2431   21
13.2481   20
13.2531   21
13.2581   17
13.2631   19
13.2681   19
13.2731   17
13.2781    7
13.2831   16
13.2881    8
13.2931   19
13.2981   21
13.3031   13
13.3081   19
13.3131   14
13.3181   24
13.3231   22
13.3281   21
13.3331   14
13.3381   12
13.3431    9
13.3481   19
13.3531   12
13.3581   18
13.3631   10
13.3681   14
13.3731   12
13.3781   23
13.3831   10
13.3881   16
13.3931   15
13.3981   19
13.4031   12
13.4081   21
13.4131   17
13.4181   16
13.4231   14
13.4281   17
13.4331   11
13.4381   15
13.4431   12
13.4481   13
13.4531   13
13.4581   13
13.4631   18
13.4681    9
13.4731   15
13.4781   15
13.4831   19
13.4881   19
13.4931   13
13.4981   20
13.5031   19
13.5081   21
13.5131   11
13.5181   21
13.5231   10
13.5281   11
13.5331   16
13.5381   10
13.5431   18
13.5481   17
13.5531   14
13.5581   10
13.5631   16
13.5681   19
13.5731   13
13.5781   18
13.5831   16
13.5881   11
13.5931   22
13.5981   12
13.6031    9
13.6081   14
13.6131   18
13.6181   16
13.6231   16
13.6281   21
13.6331   13
13.6381   16
13.6431   19
13.6481   12
13.6531   17
13.6581   14
13.6631   13
13.6681   14
13.6731   18
13.6781   13
13.6831   14
13.6881   15
13.6931   11
13.6981   17
13.7031   15
13.7081   20
13.7131   17
13.7181   15
13.7231   23
13.7281   14
13.7331   11
13.7381   10
13.7431   13
13.7481   11
13.7531   17
13.7581   11
13.7631    9
13.7681   13
13.7731   16
13.7781   16
13.7831   17
13.7881   11
13.7931   11
13.7981   13
13.8031   19
13.8081   15
13.8131   20
13.8181   12
13.8231   15
13.8281    8
13.8331   16
13.8381   15
13.8431   17
13.8481   20
13.8531   20
13.8581   20
13.8631   14
13.8681   12
13.8731   11
13.8781   18
13.8831   12
13.8881   11
13.8931   11
13.8981   13
13.9031   12
13.9081   16
13.9131    8
13.9181    7
13.9231   14
13.9281   17
13.9331   13
13.9381   18
13.9431   15
13.9481   17
13.9531   18
13.9581   15
13.9631   12
13.9681   16
13.9731   12
13.9781   14
13.9831   18
13.9881   15
13.9931   10
13.9981   15
14.0031   22
14.0081    7
14.0131   15
14.0181   17
14.0231    9
14.0281   19
14.0331    7
14.0381   16
14.0431   16
14.0481    8
14.0531   19
14.0581   11
14.0631   11
14.0681   15
14.0731   14
14.0781   12
14.0831   14
14.0881   11
14.0931   13
14.0981   18
14.1031   10
14.1081   11
14.1131   14
14.1181    8
14.1231   17
14.1281   11
14.1331    8
14.1381    9
14.1431   12
14.1481   15
14.1531   17
14.1581   16
14.1631   12
14.1681   15
14.1731   11
14.1781   19
14.1831   11
14.1881   13
14.1931   13
14.1981   19
14.2031    9
14.2081   14
14.2131   14
14.2181    9
14.2231   10
14.2281   15
14.2331   12
14.2381   10
14.2431   13
14.2481   10
14.2531   20
14.2581   15
14.2631   15
14.2681    9
14.2731   14
14.2781   13
14.2831   13
14.2881   12
14.2931   11
14.2981   15
14.3031   17
14.3081   11
14.3131   14
14.3181    9
14.3231   19
14.3281   13
14.3331    9
14.3381    9
14.3431   16
14.3481   12
14.3531    7
14.3581   15
14.3631   20
14.3681   11
14.3731   11
14.3781   13
14.3831   13
14.3881   13
14.3931   23
14.3981   22
14.4031   16
14.4081    9
14.4131   12
14.4181    9
14.4231   14
14.4281   20
14.4331   23
14.4381   14
14.4431   10
14.4481   13
14.4531   12
14.4581    8
14.4631   10
14.4681   11
14.4731   13
14.4781    9
14.4831   16
14.4881   18
14.4931   16
14.4981   18
14.5031   18
14.5081   14
14.5131   16
14.5181   17
14.5231   12
14.5281   13
14.5331   11
14.5381    9
14.5431   12
14.5481   14
14.5531   15
14.5581   17
14.5631   14
14.5681   14
14.5731   10
14.5781   20
14.5831   14
14.5881   13
14.5931   12
14.5981   11
14.6031   11
14.6081    5
14.6131   11
14.6181    8
14.6231   19
14.6281   19
14.6331   12
14.6381   15
14.6431   11
14.6481   15
14.6531   12
14.6581    9
14.6631    8
14.6681   13
14.6731   11
14.6781   11
14.6831   10
14.6881   11
14.6931   13
14.6981   13
14.7031    8
14.7081   11
14.7131    7
14.7181   10
14.7231   12
14.7281   13
14.7331   12
14.7381    8
14.7431   11
14.7481    7
14.7531   10
14.7581   11
14.7631   12
14.7681    8
14.7731   12
14.7781   10
14.7831    8
14.7881   11
14.7931   14
14.7981   14
14.8031   10
14.8081   15
14.8131   13
14.8181    9
14.8231   11
14.8281   12
14.8331    7
14.8381   11
14.8431   27
14.8481   10
14.8531    9
14.8581   13
14.8631   14
14.8681   11
14.8731   10
14.8781   17
14.8831   13
14.8881    8
14.8931   15
14.8981   12
14.9031   13
14.9081   16
14.9131   12
14.9181   12
14.9231   10
14.9281   16
14.9331    8
14.9381   11
14.9431   15
14.9481   11
14.9531    9
14.9581   12
14.9631   14
14.9681   11
14.9731   11
14.9781   10
14.9831   16
14.9881   11
14.9931   12
14.9981   10
15.0031    8
15.0081   11
15.0131   13
15.0181    7
15.0231   11
15.0281   12
15.0331    9
15.0381   12
15.0431   12
15.0481   10
15.0531   12
15.0581   15
15.0631   12
15.0681   15
15.0731   14
15.0781   14
15.0831    6
15.0881    8
15.0931   10
15.0981   13
15.1031   11
15.1081   11
15.1131   12
15.1181   14
15.1231   13
15.1281   14
15.1331   10
15.1381   16
15.1431    4
15.1481   14
15.1531   12
15.1581    9
15.1631   14
15.1681   13
15.1731    7
15.1781    9
15.1831    8
15.1881   11
15.1931   12
15.1981   17
15.2031    8
15.2081    8
15.2131   10
15.2181   17
15.2231   11
15.2281   10
15.2331    7
15.2381    9
15.2431   10
15.2481   10
15.2531   10
15.2581    8
15.2631   14
15.2681   15
15.2731   11
15.2781   12
15.2831   12
15.2881    9
15.2931    8
15.2981   12
15.3031   11
15.3081    5
15.3131   10
15.3181    9
15.3231   15
15.3281   12
15.3331    6
15.3381   10
15.3431   12
15.3481   10
15.3531   11
15.3581   14
15.3631    9
15.3681   11
15.3731   12
15.3781   12
15.3831   10
15.3881    9
15.3931   15
15.3981   12
15.4031   12
15.4081    8
15.4131   15
15.4181    8
15.4231    3
15.4281   14
15.4331   13
15.4381   15
15.4431   12
15.4481   12
15.4531   12
15.4581    7
15.4631   11
15.4681   15
15.4731   12
15.4781   15
15.4831   10
15.4881   15
15.4931    7
15.4981    9
15.5031   11
15.5081   10
15.5131    5
15.5181   11
15.5231   12
15.5281   10
15.5331   13
15.5381    8
15.5431   13
15.5481   20
15.5531   10
15.5581    9
15.5631   18
15.5681   12
15.5731   10
15.5781   11
15.5831    9
15.5881    9
15.5931   15
15.5981   12
15.6031   11
15.6081   11
15.6131   12
15.6181   10
15.6231    9
15.6281    6
15.6331   10
15.6381    7
15.6431   11
15.6481   15
15.6531    8
15.6581   12
15.6631    8
15.6681   13
15.6731   10
15.6781    6
15.6831    7
15.6881    6
15.6931   12
15.6981    6
15.7031   14
15.7081    7
15.7131   12
15.7181    6
15.7231   15
15.7281    7
15.7331   12
15.7381    7
15.7431    7
15.7481    8
15.7531    8
15.7581    9
15.7631   12
15.7681   10
15.7731   12
15.7781   18
15.7831    9
15.7881    9
15.7931    3
15.7981   12
15.8031    7
15.8081    7
15.8131   13
15.8181   10
15.8231    8
15.8281   10
15.8331   11
15.8381   12
15.8431   11
15.8481    9
15.8531   11
15.8581    6
15.8631   10
15.8681   12
15.8731    7
15.8781    9
15.8831   13
15.8881   16
15.8931    6
15.8981    9
15.9031   10
15.9081   14
15.9131   12
15.9181    7
15.9231    8
15.9281    7
15.9331   14
15.9381   13
15.9431   12
15.9481    5
15.9531   12
15.9581    4
15.9631   13
15.9681    8
15.9731   10
15.9781   11
15.9831    8
15.9881   13
15.9931   10
15.9981    9
16.0031   11
16.0081    8
16.0131    7
16.0181   10
16.0231    9
16.0281    8
16.0331    9
16.0381    8
16.0431   17
16.0481    8
16.0531    6
16.0581    9
16.0631    7
16.0681   10
16.0731   13
16.0781    8
16.0831    9
16.0881   15
16.0931   12
16.0981    6
16.1031   12
16.1081    7
16.1131   10
16.1181    8
16.1231    7
16.1281   10
16.1331    5
16.1381    4
16.1431    8
16.1481    9
16.1531   11
16.1581    9
16.1631    9
16.1681   12
16.1731    9
16.1781    8
16.1831   15
16.1881    8
16.1931    7
16.1981   10
16.2031   10
16.2081    8
16.2131    5
16.2181    8
16.2231   14
16.2281    8
16.2331   18
16.2381    6
16.2431   11
16.2481    8
16.2531   14
16.2581   14
16.2631    6
16.2681   10
16.2731    7
16.2781    9
16.2831    4
16.2881   14
16.2931    8
16.2981   10
16.3031    9
16.3081    8
16.3131    9
16.3181    6
16.3231   14
16.3281    8
16.3331   15
16.3381    9
16.3431   11
16.3481   12
16.3531    7
16.3581    4
16.3631   14
16.3681   10
16.3731   11
16.3781    7
16.3831   11
16.3881    9
16.3931    8
16.3981    8
16.4031    9
16.4081    9
16.4131    3
16.4181   12
16.4231    7
16.4281    7
16.4331    8
16.4381   11
16.4431   15
16.4481    6
16.4531    8
16.4581    6
16.4631   15
16.4681   11
16.4731   12
16.4781    8
16.4831    9
16.4881    5
16.4931    7
16.4981    6
16.5031    7
16.5081    5
16.5131   10
16.5181    6
16.5231    8
16.5281    8
16.5331   11
16.5381    6
16.5431    3
16.5481   11
16.5531   12
16.5581   11
16.5631   10
16.5681    3
16.5731    6
16.5781    9
16.5831    7
16.5881    6
16.5931    8
16.5981    7
16.6031   10
16.6081    7
16.6131   10
16.6181   10
16.6231   11
16.6281    5
16.6331    7
16.6381    9
16.6431    5
16.6481    5
16.6531    5
16.6581    6
16.6631    8
16.6681   12
16.6731    8
16.6781   10
16.6831   11
16.6881   10
16.6931   10
16.6981    9
16.7031    6
16.7081    9
16.7131    9
16.7181    7
16.7231   11
16.7281    6
16.7331    3
16.7381    8
16.7431    8
16.7481    5
16.7531    7
16.7581    9
16.7631   10
16.7681    5
16.7731    5
16.7781   12
16.7831    5
16.7881    6
16.7931    8
16.7981    7
16.8031    5
16.8081    7
16.8131   11
16.8181    6
16.8231   11
16.8281    9
16.8331   12
16.8381    7
16.8431    5
16.8481    8
16.8531    8
16.8581    4
16.8631    7
16.8681    8
16.8731   10
16.8781    4
16.8831    4
16.8881    9
16.8931    9
16.8981    7
16.9031    9
16.9081    6
16.9131    8
16.9181    8
16.9231    5
16.9281    7
16.9331    7
16.9381   12
16.9431   13
16.9481    4
16.9531    2
16.9581    7
16.9631   10
16.9681    5
16.9731   11
16.9781   10
16.9831    9
16.9881    7
16.9931   11
16.9981    9
17.0031    6
17.0081    7
17.0131    4
17.0181    6
17.0231    3
17.0281    4
17.0331    9
17.0381    5
17.0431    7
17.0481    8
17.0531   12
17.0581   12
17.0631    7
17.0681   10
17.0731    8
17.0781   12
17.0831    8
17.0881    2
17.0931    7
17.0981   11
17.1031   11
17.1081   12
17.1131   14
17.1181    5
17.1231    9
17.1281   12
17.1331   15
17.1381    9
17.1431   17
17.1481   11
17.1531    7
17.1581    9
17.1631    8
17.1681   12
17.1731   11
17.1781    9
17.1831   11
17.1881   13
17.1931   21
17.1981   12
17.2031   19
17.2081   17
17.2131   18
17.2181   15
17.2231   28
17.2281   18
17.2331   29
17.2381   29
17.2431   20
17.2481   23
17.2531   40
17.2581   20
17.2631   39
17.2681   36
17.2731   35
17.2781   37
17.2831   39
17.2881   38
17.2931   41
17.2981   50
17.3031   57
17.3081   54
17.3131   64
17.3181   60
17.3231   61
17.3281   68
17.3331   77
17.3381   74
17.3431   73
17.3481   81
17.3531   83
17.3581   95
17.3631   94
17.3681   73
17.3731   77
17.3781   78
17.3831   93
17.3881   86
17.3931   99
17.3981   97
17.4031   94
17.4081   88
17.4131   90
17.4181  102
17.4231  117
17.4281   95
17.4331   91
17.4381   99
17.4431  111
17.4481   91
17.4531   99
17.4581   93
17.4631   81
17.4681  106
17.4731   99
17.4781   92
17.4831   90
17.4881   85
17.4931   78
17.4981   62
17.5031   85
17.5081   76
17.5131   71
17.5181   67
17.5231   71
17.5281   68
17.5331   66
17.5381   50
17.5431   63
17.5481   60
17.5531   49
17.5581   48
17.5631   51
17.5681   51
17.5731   38
17.5781   30
17.5831   31
17.5881   34
17.5931   28
17.5981   21
17.6031   32
17.6081   26
17.6131   26
17.6181   25
17.6231   20
17.6281   20
17.6331   18
17.6381    8
17.6431   15
17.6481   20
17.6531   21
17.6581   10
17.6631    8
17.6681   13
17.6731   18
17.6781    6
17.6831    5
17.6881   13
17.6931   10
17.6981    8
17.7031    9
17.7081   12
17.7131   12
17.7181    8
17.7231    6
17.7281    6
17.7331   13
17.7381    7
17.7431    5
17.7481   10
17.7531    9
17.7581    5
17.7631    5
17.7681   14
17.7731    6
17.7781    3
17.7831    7
17.7881    2
17.7931    8
17.7981    4
17.8031    2
17.8081    6
17.8131   12
17.8181    9
17.8231    2
17.8281    6
17.8331    6
17.8381   10
17.8431   11
17.8481    4
17.8531    8
17.8581   11
17.8631    7
17.8681    9
17.8731    6
17.8781    3
17.8831    7
17.8881    5
17.8931   11
17.8981    6
17.9031    9
17.9081    8
17.9131    3
17.9181    9
17.9231    6
17.9281    4
17.9331    8
17.9381    5
17.9431    5
17.9481    7
17.9531    6
17.9581    6
17.9631    3
17.9681    1
17.9731    6
17.9781    4
17.9831    6
17.9881    6
17.9931    5
17.9981    6
18.0031   10
18.0081   12
18.0131    6
18.0181    4
18.0231    7
18.0281    5
18.0331    5
18.0381    6
18.0431   13
18.0481    4
18.0531   10
18.0581    3
18.0631    9
18.0681    6
18.0731    8
18.0781    5
18.0831    7
18.0881    1
18.0931    4
18.0981    8
18.1031    7
18.1081    6
18.1131    6
18.1181    3
18.1231    6
18.1281    8
18.1331    3
18.1381   10
18.1431    4
18.1481    5
18.1531    7
18.1581    8
18.1631    8
18.1681    6
18.1731    3
18.1781    2
18.1831    6
18.1881    3
18.1931    2
18.1981    3
18.2031    6
18.2081    5
18.2131    4
18.2181    5
18.2231    1
18.2281    4
18.2331    7
18.2381    6
18.2431    3
18.2481    4
18.2531    3
18.2581    6
18.2631    4
18.2681    6
18.2731    3
18.2781    3
18.2831    4
18.2881    6
18.2931    2
18.2981    4
18.3031    4
18.3081    3
18.3131    6
18.3181    5
18.3231    3
18.3281    7
18.3331    8
18.3381    5
18.3431    3
18.3481    4
18.3531    6
18.3581    8
18.3631    8
18.3681    4
18.3731    5
18.3781    1
18.3831    2
18.3881    7
18.3931    4
18.3981    4
18.4031    3
18.4081    6
18.4131    6
18.4181    3
18.4231    8
18.4281    9
18.4331    3
18.4381    6
18.4431    7
18.4481    5
18.4531    5
18.4581    2
18.4631    4
18.4681    6
18.4731    3
18.4781    9
18.4831    5
18.4881    6
18.4931    7
18.4981    4
18.5031    3
18.5081    6
18.5131    5
18.5181    7
18.5231    1
18.5281    5
18.5331    4
18.5381    6
18.5431    9
18.5481    8
18.5531    6
18.5581    2
18.5631    4
18.5681    4
18.5731    5
18.5781    6
18.5831    7
18.5881    6
18.5931    7
18.5981    2
18.6031    5
18.6081    7
18.6131    7
18.6181   15
18.6231    8
18.6281    5
18.6331    3
18.6381    2
18.6431    5
18.6481    6
18.6531    6
18.6581    8
18.6631    7
18.6681    7
18.6731    3
18.6781    7
18.6831    7
18.6881    3
18.6931    4
18.6981    7
18.7031    3
18.7081    2
18.7131    3
18.7181    5
18.7231    5
18.7281    7
18.7331    6
18.7381    4
18.7431    5
18.7481    8
18.7531    7
18.7581    4
18.7631    9
18.7681    1
18.7731    5
18.7781    6
18.7831    7
18.7881    4
18.7931    1
18.7981    4
18.8031    2
18.8081    5
18.8131    9
18.8181    6
18.8231    1
18.8281    4
18.8331    5
18.8381    7
18.8431    4
18.8481    6
18.8531    3
18.8581    1
18.8631    4
18.8681    5
18.8731    5
18.8781    7
18.8831    2
18.8881    5
18.8931    4
18.8981    4
18.9031    7
18.9081    7
18.9131    8
18.9181    4
18.9231    3
18.9281    1
18.9331    3
18.9381    7
18.9431    2
18.9481    3
18.9531    2
18.9581    2
18.9631    5
18.9681    3
18.9731    3
18.9781    4
18.9831    5
18.9881    3
18.9931    2
18.9981    7
19.0031    4
19.0081    9
19.0131    5
19.0181    5
19.0231    8
19.0281    5
19.0331    6
19.0381    1
19.0431    6
19.0481    4
19.0531    3
19.0581    8
19.0631    2
19.0681    5
19.0731    1
19.0781    3
19.0831    3
19.0881    5
19.0931    6
19.0981    4
19.1031    6
19.1081    5
19.1131    2
19.1181    3
19.1231    5
19.1281    4
19.1331    5
19.1381    4
19.1431    1
19.1481    9
19.1531    6
19.1581    6
19.1631    6
19.1681    8
19.1731    2
19.1781    9
19.1831    4
19.1881    7
19.1931    5
19.1981    5
19.2031    7
19.2081    8
19.2131    4
19.2181    4
19.2231    7
19.2281    2
19.2331    9
19.2381    2
19.2431    2
19.2481    6
19.2531    6
19.2581    5
19.2631    8
19.2681    2
19.2731    2
19.2781    2
19.2831    4
19.2881    2
19.2931    4
19.2981    3
19.3031    2
19.3081    8
19.3131    1
19.3181    7
19.3231    2
19.3281    5
19.3331    5
19.3381    7
19.3431    9
19.3481    6
19.3531    9
19.3581    4
19.3631    4
19.3681    5
19.3731    3
19.3781    6
19.3831    4
19.3881   10
19.3931    5
19.3981   10
19.4031    4
19.4081    3
19.4131    5
19.4181    3
19.4231    9
19.4281   11
19.4331   10
19.4381   10
19.4431    7
19.4481    6
19.4531   10
19.4581   11
19.4631   10
19.4681   10
19.4731   13
19.4781   17
19.4831   15
19.4881   15
19.4931    9
19.4981   11
19.5031   20
19.5081    9
19.5131    9
19.5181   13
19.5231   10
19.5281   15
19.5331   10
19.5381   16
19.5431   18
19.5481   21
19.5531   18
19.5581    9
19.5631   21
19.5681   17
19.5731   11
19.5781   12
19.5831   15
19.5881   24
19.5931   15
19.5981   16
19.6031   24
19.6081   17
19.6131   15
19.6181   17
19.6231   12
19.6281   12
19.6331   14
19.6381   18
19.6431   23
19.6481   13
19.6531    8
19.6581   13
19.6631   12
19.6681   16
19.6731   11
19.6781   12
19.6831    9
19.6881   11
19.6931   11
19.6981   11
19.7031   12
19.7081   12
19.7131    9
19.7181   10
19.7231    5
19.7281    7
19.7331    4
19.7381    4
19.7431    9
19.7481    9
19.7531    6
19.7581    4
19.7631    9
19.7681    2
19.7731   13
19.7781    7
19.7831    1
19.7881    6
19.7931    4
19.7981    7
19.8031    4
19.8081   10
19.8131   13
19.8181   12
19.8231    4
19.8281    3
19.8331    3
19.8381    5
19.8431    8
19.8481    7
19.8531    9
19.8581   10
19.8631    2
19.8681    4
19.8731   11
19.8781    6
19.8831    4
19.8881    5
19.8931    7
19.8981    9
19.9031    4
19.9081    4
19.9131    8
19.9181    7
19.9231    4
19.9281    3
19.9331    4
19.9381    8
19.9431    4
19.9481    2
19.9531    7
19.9581   12
19.9631    9
19.9681    5
19.9731    5
19.9781    4
19.9831    5
19.9881    3
19.9931    1
19.9981    2
