Bruker Nano GmbH Berlin, Germany
Esprit 1.9

Date: 9/14/2017 7:45:48 PM
Real time: 24540
Life time: 20256
Pulse density: 12346

Primary energy: 30
Take off angle: 35
Tilt angle: 0
Azimut angle: 45

Detector type: XFlash 6|30
Window type: slew AP3.3
Detector thickness: 0.45
Si dead layer:0.029

Calibration, lin.: 5
Calibration, abs.: -476.9
Mn FWHM: 126.228
Fano factor: 0.11
Channels: 4096

Energy Counts
-0.4769    0
-0.4719    0
-0.4669    0
-0.4619    0
-0.4569    0
-0.4519    0
-0.4469    0
-0.4419    0
-0.4369    0
-0.4319    0
-0.4269    0
-0.4219    0
-0.4169    0
-0.4119    0
-0.4069    0
-0.4019    0
-0.3969    0
-0.3919    0
-0.3869    0
-0.3819    0
-0.3769    0
-0.3719    0
-0.3669    0
-0.3619    0
-0.3569    0
-0.3519    0
-0.3469    0
-0.3419    0
-0.3369    0
-0.3319    0
-0.3269    0
-0.3219    0
-0.3169    0
-0.3119    0
-0.3069    0
-0.3019    0
-0.2969    0
-0.2919    0
-0.2869    0
-0.2819    0
-0.2769    0
-0.2719    0
-0.2669    0
-0.2619    0
-0.2569    0
-0.2519    0
-0.2469    0
-0.2419    0
-0.2369    0
-0.2319    0
-0.2269    0
-0.2219    0
-0.2169    0
-0.2119    0
-0.2069    0
-0.2019    0
-0.1969    0
-0.1919    0
-0.1869    0
-0.1819    0
-0.1769    0
-0.1719    0
-0.1669    0
-0.1619    0
-0.1569    0
-0.1519    0
-0.1469    0
-0.1419    0
-0.1369    0
-0.1319    0
-0.1269    0
-0.1219    0
-0.1169    0
-0.1119    0
-0.1069    0
-0.1019    0
-0.0969    0
-0.0919    0
-0.0869    1
-0.0819    0
-0.0769    6
-0.0719   10
-0.0669   10
-0.0619   22
-0.0569   38
-0.0519  113
-0.0469  213
-0.0419  428
-0.0369  689
-0.0319 1134
-0.0269 1810
-0.0219 2508
-0.0169 3267
-0.0119 3990
-0.0069 4632
-0.0019 4813
 0.0031 4804
 0.0081 4445
 0.0131 3738
 0.0181 3057
 0.0231 2149
 0.0281 1558
 0.0331 1100
 0.0381  673
 0.0431  411
 0.0481  195
 0.0531  109
 0.0581   50
 0.0631   31
 0.0681   14
 0.0731    6
 0.0781    0
 0.0831    0
 0.0881    1
 0.0931    0
 0.0981    0
 0.1031    0
 0.1081    0
 0.1131    0
 0.1181    3
 0.1231    9
 0.1281    9
 0.1331    8
 0.1381    7
 0.1431    7
 0.1481   13
 0.1531    8
 0.1581    8
 0.1631    8
 0.1681   12
 0.1731   15
 0.1781    9
 0.1831    5
 0.1881    4
 0.1931    8
 0.1981   15
 0.2031   10
 0.2081    7
 0.2131   12
 0.2181   11
 0.2231   16
 0.2281   18
 0.2331   36
 0.2381   31
 0.2431   41
 0.2481   42
 0.2531   75
 0.2581   75
 0.2631   99
 0.2681  122
 0.2731  111
 0.2781  128
 0.2831  111
 0.2881   99
 0.2931   87
 0.2981   78
 0.3031   58
 0.3081   46
 0.3131   37
 0.3181   26
 0.3231   22
 0.3281   21
 0.3331   13
 0.3381    7
 0.3431    8
 0.3481    7
 0.3531    3
 0.3581    8
 0.3631    8
 0.3681   10
 0.3731    8
 0.3781    5
 0.3831    7
 0.3881    9
 0.3931    9
 0.3981    7
 0.4031   11
 0.4081   15
 0.4131   14
 0.4181   10
 0.4231    9
 0.4281   13
 0.4331   13
 0.4381   12
 0.4431   11
 0.4481   20
 0.4531   21
 0.4581   19
 0.4631   25
 0.4681   38
 0.4731   43
 0.4781   51
 0.4831   70
 0.4881   97
 0.4931  134
 0.4981  151
 0.5031  164
 0.5081  188
 0.5131  210
 0.5181  232
 0.5231  234
 0.5281  217
 0.5331  228
 0.5381  190
 0.5431  194
 0.5481  174
 0.5531  115
 0.5581   88
 0.5631   98
 0.5681   53
 0.5731   66
 0.5781   53
 0.5831   56
 0.5881   39
 0.5931   52
 0.5981   58
 0.6031   49
 0.6081   67
 0.6131   62
 0.6181   59
 0.6231   72
 0.6281   69
 0.6331   63
 0.6381   63
 0.6431   60
 0.6481   71
 0.6531   69
 0.6581   67
 0.6631   89
 0.6681  117
 0.6731  118
 0.6781  128
 0.6831  164
 0.6881  190
 0.6931  211
 0.6981  212
 0.7031  230
 0.7081  255
 0.7131  210
 0.7181  256
 0.7231  249
 0.7281  219
 0.7331  213
 0.7381  223
 0.7431  215
 0.7481  197
 0.7531  184
 0.7581  135
 0.7631  149
 0.7681  125
 0.7731  100
 0.7781  123
 0.7831   93
 0.7881  124
 0.7931  143
 0.7981  165
 0.8031  187
 0.8081  190
 0.8131  240
 0.8181  309
 0.8231  384
 0.8281  435
 0.8331  451
 0.8381  569
 0.8431  591
 0.8481  627
 0.8531  632
 0.8581  608
 0.8631  571
 0.8681  532
 0.8731  483
 0.8781  415
 0.8831  380
 0.8881  303
 0.8931  239
 0.8981  184
 0.9031  171
 0.9081  101
 0.9131   86
 0.9181   62
 0.9231   49
 0.9281   34
 0.9331   35
 0.9381   29
 0.9431   40
 0.9481   24
 0.9531   33
 0.9581   27
 0.9631   25
 0.9681   17
 0.9731   24
 0.9781   22
 0.9831   20
 0.9881   20
 0.9931   23
 0.9981   24
 1.0031   23
 1.0081   26
 1.0131   23
 1.0181   30
 1.0231   23
 1.0281   34
 1.0331   31
 1.0381   26
 1.0431   30
 1.0481   25
 1.0531   24
 1.0581   23
 1.0631   31
 1.0681   26
 1.0731   21
 1.0781   18
 1.0831   25
 1.0881   15
 1.0931   21
 1.0981   10
 1.1031   23
 1.1081   19
 1.1131   28
 1.1181   17
 1.1231   25
 1.1281   21
 1.1331   23
 1.1381   27
 1.1431   19
 1.1481   23
 1.1531   25
 1.1581   11
 1.1631   25
 1.1681   15
 1.1731   25
 1.1781   22
 1.1831   22
 1.1881   19
 1.1931   26
 1.1981   13
 1.2031   24
 1.2081   28
 1.2131   30
 1.2181   31
 1.2231   27
 1.2281   23
 1.2331   29
 1.2381   20
 1.2431   32
 1.2481   23
 1.2531   25
 1.2581   17
 1.2631   18
 1.2681   27
 1.2731   25
 1.2781   29
 1.2831   26
 1.2881   34
 1.2931   28
 1.2981   27
 1.3031   27
 1.3081   22
 1.3131   31
 1.3181   35
 1.3231   21
 1.3281   32
 1.3331   27
 1.3381   29
 1.3431   25
 1.3481   22
 1.3531   32
 1.3581   23
 1.3631   28
 1.3681   28
 1.3731   28
 1.3781   27
 1.3831   31
 1.3881   33
 1.3931   37
 1.3981   26
 1.4031   25
 1.4081   21
 1.4131   23
 1.4181   33
 1.4231   42
 1.4281   35
 1.4331   36
 1.4381   33
 1.4431   35
 1.4481   41
 1.4531   46
 1.4581   40
 1.4631   42
 1.4681   49
 1.4731   47
 1.4781   53
 1.4831   43
 1.4881   38
 1.4931   43
 1.4981   43
 1.5031   45
 1.5081   43
 1.5131   36
 1.5181   37
 1.5231   42
 1.5281   33
 1.5331   29
 1.5381   32
 1.5431   43
 1.5481   47
 1.5531   37
 1.5581   37
 1.5631   28
 1.5681   43
 1.5731   38
 1.5781   41
 1.5831   42
 1.5881   37
 1.5931   31
 1.5981   41
 1.6031   28
 1.6081   27
 1.6131   33
 1.6181   40
 1.6231   36
 1.6281   26
 1.6331   29
 1.6381   40
 1.6431   45
 1.6481   37
 1.6531   48
 1.6581   44
 1.6631   34
 1.6681   33
 1.6731   39
 1.6781   40
 1.6831   34
 1.6881   43
 1.6931   41
 1.6981   45
 1.7031   45
 1.7081   43
 1.7131   43
 1.7181   47
 1.7231   54
 1.7281   51
 1.7331   46
 1.7381   42
 1.7431   50
 1.7481   42
 1.7531   45
 1.7581   50
 1.7631   51
 1.7681   48
 1.7731   51
 1.7781   50
 1.7831   46
 1.7881   55
 1.7931   58
 1.7981   51
 1.8031   50
 1.8081   46
 1.8131   40
 1.8181   45
 1.8231   42
 1.8281   42
 1.8331   40
 1.8381   43
 1.8431   51
 1.8481   42
 1.8531   37
 1.8581   39
 1.8631   51
 1.8681   55
 1.8731   48
 1.8781   46
 1.8831   44
 1.8881   48
 1.8931   45
 1.8981   42
 1.9031   43
 1.9081   43
 1.9131   49
 1.9181   54
 1.9231   58
 1.9281   53
 1.9331   44
 1.9381   46
 1.9431   53
 1.9481   60
 1.9531   56
 1.9581   53
 1.9631   62
 1.9681   62
 1.9731   52
 1.9781   59
 1.9831   66
 1.9881   60
 1.9931   59
 1.9981   64
 2.0031   69
 2.0081   71
 2.0131   67
 2.0181   70
 2.0231   79
 2.0281   72
 2.0331   67
 2.0381   73
 2.0431   78
 2.0481   66
 2.0531   61
 2.0581   68
 2.0631   65
 2.0681   54
 2.0731   50
 2.0781   54
 2.0831   48
 2.0881   48
 2.0931   53
 2.0981   48
 2.1031   43
 2.1081   47
 2.1131   59
 2.1181   56
 2.1231   46
 2.1281   48
 2.1331   47
 2.1381   51
 2.1431   48
 2.1481   45
 2.1531   48
 2.1581   47
 2.1631   56
 2.1681   55
 2.1731   53
 2.1781   60
 2.1831   48
 2.1881   47
 2.1931   49
 2.1981   51
 2.2031   52
 2.2081   57
 2.2131   58
 2.2181   51
 2.2231   50
 2.2281   62
 2.2331   64
 2.2381   60
 2.2431   55
 2.2481   48
 2.2531   48
 2.2581   49
 2.2631   51
 2.2681   51
 2.2731   62
 2.2781   67
 2.2831   57
 2.2881   68
 2.2931   64
 2.2981   58
 2.3031   59
 2.3081   54
 2.3131   65
 2.3181   71
 2.3231   73
 2.3281   67
 2.3331   62
 2.3381   59
 2.3431   66
 2.3481   66
 2.3531   71
 2.3581   69
 2.3631   66
 2.3681   67
 2.3731   70
 2.3781   59
 2.3831   61
 2.3881   68
 2.3931   64
 2.3981   59
 2.4031   64
 2.4081   57
 2.4131   57
 2.4181   56
 2.4231   59
 2.4281   56
 2.4331   59
 2.4381   62
 2.4431   56
 2.4481   67
 2.4531   76
 2.4581   73
 2.4631   67
 2.4681   64
 2.4731   60
 2.4781   60
 2.4831   67
 2.4881   64
 2.4931   53
 2.4981   63
 2.5031   61
 2.5081   57
 2.5131   64
 2.5181   54
 2.5231   54
 2.5281   44
 2.5331   47
 2.5381   46
 2.5431   43
 2.5481   55
 2.5531   71
 2.5581   65
 2.5631   54
 2.5681   56
 2.5731   61
 2.5781   58
 2.5831   54
 2.5881   55
 2.5931   70
 2.5981   68
 2.6031   54
 2.6081   46
 2.6131   57
 2.6181   57
 2.6231   69
 2.6281   55
 2.6331   66
 2.6381   74
 2.6431   74
 2.6481   63
 2.6531   55
 2.6581   58
 2.6631   62
 2.6681   58
 2.6731   57
 2.6781   57
 2.6831   68
 2.6881   67
 2.6931   57
 2.6981   57
 2.7031   54
 2.7081   64
 2.7131   54
 2.7181   71
 2.7231   54
 2.7281   53
 2.7331   64
 2.7381   75
 2.7431   67
 2.7481   70
 2.7531   65
 2.7581   59
 2.7631   62
 2.7681   62
 2.7731   61
 2.7781   55
 2.7831   67
 2.7881   62
 2.7931   63
 2.7981   57
 2.8031   60
 2.8081   73
 2.8131   68
 2.8181   58
 2.8231   53
 2.8281   59
 2.8331   63
 2.8381   53
 2.8431   62
 2.8481   57
 2.8531   63
 2.8581   67
 2.8631   75
 2.8681   74
 2.8731   65
 2.8781   52
 2.8831   58
 2.8881   63
 2.8931   59
 2.8981   58
 2.9031   59
 2.9081   74
 2.9131   69
 2.9181   50
 2.9231   57
 2.9281   57
 2.9331   67
 2.9381   56
 2.9431   68
 2.9481   63
 2.9531   68
 2.9581   48
 2.9631   60
 2.9681   50
 2.9731   51
 2.9781   74
 2.9831   64
 2.9881   58
 2.9931   80
 2.9981   61
 3.0031   58
 3.0081   82
 3.0131   70
 3.0181   64
 3.0231   77
 3.0281   52
 3.0331   56
 3.0381   59
 3.0431   60
 3.0481   79
 3.0531   74
 3.0581   59
 3.0631   65
 3.0681   61
 3.0731   68
 3.0781   62
 3.0831   72
 3.0881   62
 3.0931   57
 3.0981   58
 3.1031   64
 3.1081   56
 3.1131   72
 3.1181   59
 3.1231   60
 3.1281   60
 3.1331   54
 3.1381   63
 3.1431   54
 3.1481   57
 3.1531   60
 3.1581   60
 3.1631   58
 3.1681   53
 3.1731   73
 3.1781   66
 3.1831   76
 3.1881   67
 3.1931   56
 3.1981   71
 3.2031   65
 3.2081   78
 3.2131   68
 3.2181   68
 3.2231   56
 3.2281   56
 3.2331   64
 3.2381   69
 3.2431   62
 3.2481   74
 3.2531   66
 3.2581   56
 3.2631   68
 3.2681   65
 3.2731   70
 3.2781   69
 3.2831   65
 3.2881   66
 3.2931   55
 3.2981   65
 3.3031   59
 3.3081   67
 3.3131   65
 3.3181   68
 3.3231   66
 3.3281   58
 3.3331   67
 3.3381   61
 3.3431   71
 3.3481   70
 3.3531   81
 3.3581   71
 3.3631   67
 3.3681   56
 3.3731   67
 3.3781   77
 3.3831   66
 3.3881   67
 3.3931   64
 3.3981   74
 3.4031   62
 3.4081   74
 3.4131   75
 3.4181   59
 3.4231   51
 3.4281   59
 3.4331   68
 3.4381   71
 3.4431   55
 3.4481   60
 3.4531   61
 3.4581   69
 3.4631   64
 3.4681   68
 3.4731   67
 3.4781   57
 3.4831   60
 3.4881   68
 3.4931   67
 3.4981   67
 3.5031   65
 3.5081   61
 3.5131   58
 3.5181   61
 3.5231   73
 3.5281   56
 3.5331   61
 3.5381   63
 3.5431   56
 3.5481   57
 3.5531   71
 3.5581   61
 3.5631   63
 3.5681   70
 3.5731   62
 3.5781   79
 3.5831   70
 3.5881   60
 3.5931   65
 3.5981   53
 3.6031   78
 3.6081   61
 3.6131   50
 3.6181   64
 3.6231   67
 3.6281   51
 3.6331   58
 3.6381   63
 3.6431   66
 3.6481   61
 3.6531   58
 3.6581   62
 3.6631   57
 3.6681   66
 3.6731   60
 3.6781   58
 3.6831   71
 3.6881   71
 3.6931   77
 3.6981   56
 3.7031   50
 3.7081   52
 3.7131   64
 3.7181   54
 3.7231   66
 3.7281   74
 3.7331   67
 3.7381   61
 3.7431   48
 3.7481   65
 3.7531   47
 3.7581   63
 3.7631   53
 3.7681   56
 3.7731   66
 3.7781   63
 3.7831   60
 3.7881   68
 3.7931   63
 3.7981   56
 3.8031   74
 3.8081   66
 3.8131   61
 3.8181   50
 3.8231   66
 3.8281   69
 3.8331   61
 3.8381   52
 3.8431   70
 3.8481   56
 3.8531   50
 3.8581   55
 3.8631   49
 3.8681   62
 3.8731   60
 3.8781   57
 3.8831   61
 3.8881   74
 3.8931   61
 3.8981   63
 3.9031   63
 3.9081   64
 3.9131   66
 3.9181   69
 3.9231   57
 3.9281   58
 3.9331   63
 3.9381   62
 3.9431   57
 3.9481   59
 3.9531   57
 3.9581   59
 3.9631   58
 3.9681   55
 3.9731   56
 3.9781   51
 3.9831   60
 3.9881   62
 3.9931   58
 3.9981   62
 4.0031   59
 4.0081   60
 4.0131   57
 4.0181   54
 4.0231   67
 4.0281   48
 4.0331   58
 4.0381   53
 4.0431   62
 4.0481   60
 4.0531   59
 4.0581   57
 4.0631   60
 4.0681   63
 4.0731   64
 4.0781   62
 4.0831   49
 4.0881   50
 4.0931   57
 4.0981   63
 4.1031   63
 4.1081   63
 4.1131   71
 4.1181   62
 4.1231   66
 4.1281   59
 4.1331   65
 4.1381   61
 4.1431   57
 4.1481   59
 4.1531   62
 4.1581   62
 4.1631   57
 4.1681   58
 4.1731   57
 4.1781   70
 4.1831   64
 4.1881   64
 4.1931   58
 4.1981   54
 4.2031   56
 4.2081   55
 4.2131   59
 4.2181   59
 4.2231   62
 4.2281   44
 4.2331   56
 4.2381   46
 4.2431   48
 4.2481   69
 4.2531   61
 4.2581   63
 4.2631   64
 4.2681   48
 4.2731   57
 4.2781   60
 4.2831   68
 4.2881   59
 4.2931   62
 4.2981   56
 4.3031   64
 4.3081   56
 4.3131   56
 4.3181   63
 4.3231   58
 4.3281   58
 4.3331   49
 4.3381   52
 4.3431   54
 4.3481   48
 4.3531   44
 4.3581   40
 4.3631   57
 4.3681   62
 4.3731   52
 4.3781   62
 4.3831   64
 4.3881   60
 4.3931   57
 4.3981   58
 4.4031   50
 4.4081   49
 4.4131   49
 4.4181   53
 4.4231   56
 4.4281   63
 4.4331   57
 4.4381   57
 4.4431   58
 4.4481   50
 4.4531   55
 4.4581   60
 4.4631   64
 4.4681   64
 4.4731   57
 4.4781   59
 4.4831   51
 4.4881   46
 4.4931   59
 4.4981   56
 4.5031   53
 4.5081   54
 4.5131   59
 4.5181   61
 4.5231   56
 4.5281   59
 4.5331   55
 4.5381   55
 4.5431   47
 4.5481   50
 4.5531   48
 4.5581   56
 4.5631   58
 4.5681   58
 4.5731   49
 4.5781   47
 4.5831   44
 4.5881   43
 4.5931   48
 4.5981   54
 4.6031   50
 4.6081   61
 4.6131   68
 4.6181   56
 4.6231   57
 4.6281   59
 4.6331   52
 4.6381   50
 4.6431   55
 4.6481   56
 4.6531   52
 4.6581   55
 4.6631   57
 4.6681   60
 4.6731   60
 4.6781   55
 4.6831   52
 4.6881   49
 4.6931   59
 4.6981   67
 4.7031   60
 4.7081   61
 4.7131   62
 4.7181   51
 4.7231   52
 4.7281   58
 4.7331   53
 4.7381   54
 4.7431   55
 4.7481   47
 4.7531   45
 4.7581   43
 4.7631   43
 4.7681   47
 4.7731   52
 4.7781   49
 4.7831   56
 4.7881   62
 4.7931   55
 4.7981   48
 4.8031   49
 4.8081   49
 4.8131   43
 4.8181   49
 4.8231   52
 4.8281   57
 4.8331   58
 4.8381   57
 4.8431   64
 4.8481   54
 4.8531   56
 4.8581   59
 4.8631   50
 4.8681   54
 4.8731   56
 4.8781   50
 4.8831   51
 4.8881   55
 4.8931   53
 4.8981   49
 4.9031   47
 4.9081   47
 4.9131   50
 4.9181   50
 4.9231   39
 4.9281   35
 4.9331   51
 4.9381   69
 4.9431   70
 4.9481   48
 4.9531   41
 4.9581   47
 4.9631   53
 4.9681   48
 4.9731   46
 4.9781   53
 4.9831   55
 4.9881   52
 4.9931   47
 4.9981   49
 5.0031   53
 5.0081   47
 5.0131   48
 5.0181   54
 5.0231   47
 5.0281   45
 5.0331   49
 5.0381   46
 5.0431   46
 5.0481   48
 5.0531   61
 5.0581   57
 5.0631   51
 5.0681   55
 5.0731   56
 5.0781   56
 5.0831   44
 5.0881   41
 5.0931   50
 5.0981   50
 5.1031   50
 5.1081   50
 5.1131   49
 5.1181   53
 5.1231   52
 5.1281   54
 5.1331   51
 5.1381   46
 5.1431   47
 5.1481   53
 5.1531   49
 5.1581   52
 5.1631   55
 5.1681   53
 5.1731   47
 5.1781   45
 5.1831   54
 5.1881   52
 5.1931   49
 5.1981   53
 5.2031   49
 5.2081   46
 5.2131   52
 5.2181   58
 5.2231   56
 5.2281   49
 5.2331   58
 5.2381   47
 5.2431   48
 5.2481   59
 5.2531   59
 5.2581   46
 5.2631   49
 5.2681   50
 5.2731   51
 5.2781   55
 5.2831   44
 5.2881   48
 5.2931   52
 5.2981   56
 5.3031   42
 5.3081   45
 5.3131   57
 5.3181   57
 5.3231   49
 5.3281   43
 5.3331   56
 5.3381   42
 5.3431   48
 5.3481   49
 5.3531   46
 5.3581   43
 5.3631   48
 5.3681   52
 5.3731   53
 5.3781   52
 5.3831   44
 5.3881   45
 5.3931   44
 5.3981   44
 5.4031   48
 5.4081   49
 5.4131   52
 5.4181   51
 5.4231   50
 5.4281   63
 5.4331   49
 5.4381   42
 5.4431   43
 5.4481   53
 5.4531   53
 5.4581   44
 5.4631   36
 5.4681   40
 5.4731   38
 5.4781   44
 5.4831   44
 5.4881   48
 5.4931   50
 5.4981   45
 5.5031   51
 5.5081   52
 5.5131   59
 5.5181   51
 5.5231   42
 5.5281   51
 5.5331   42
 5.5381   41
 5.5431   52
 5.5481   55
 5.5531   52
 5.5581   52
 5.5631   50
 5.5681   55
 5.5731   48
 5.5781   46
 5.5831   46
 5.5881   33
 5.5931   35
 5.5981   42
 5.6031   39
 5.6081   34
 5.6131   47
 5.6181   49
 5.6231   43
 5.6281   37
 5.6331   36
 5.6381   47
 5.6431   46
 5.6481   55
 5.6531   34
 5.6581   42
 5.6631   45
 5.6681   53
 5.6731   36
 5.6781   48
 5.6831   49
 5.6881   44
 5.6931   45
 5.6981   50
 5.7031   41
 5.7081   44
 5.7131   56
 5.7181   55
 5.7231   46
 5.7281   50
 5.7331   45
 5.7381   58
 5.7431   46
 5.7481   51
 5.7531   49
 5.7581   36
 5.7631   40
 5.7681   52
 5.7731   48
 5.7781   52
 5.7831   56
 5.7881   42
 5.7931   42
 5.7981   41
 5.8031   42
 5.8081   50
 5.8131   38
 5.8181   54
 5.8231   61
 5.8281   43
 5.8331   40
 5.8381   57
 5.8431   49
 5.8481   42
 5.8531   45
 5.8581   55
 5.8631   60
 5.8681   55
 5.8731   49
 5.8781   63
 5.8831   61
 5.8881   53
 5.8931   46
 5.8981   57
 5.9031   47
 5.9081   46
 5.9131   39
 5.9181   61
 5.9231   53
 5.9281   56
 5.9331   31
 5.9381   66
 5.9431   52
 5.9481   49
 5.9531   55
 5.9581   45
 5.9631   47
 5.9681   46
 5.9731   49
 5.9781   30
 5.9831   42
 5.9881   44
 5.9931   53
 5.9981   49
 6.0031   49
 6.0081   47
 6.0131   39
 6.0181   46
 6.0231   40
 6.0281   52
 6.0331   45
 6.0381   53
 6.0431   52
 6.0481   49
 6.0531   33
 6.0581   45
 6.0631   39
 6.0681   36
 6.0731   44
 6.0781   62
 6.0831   47
 6.0881   44
 6.0931   48
 6.0981   44
 6.1031   51
 6.1081   41
 6.1131   40
 6.1181   44
 6.1231   58
 6.1281   43
 6.1331   32
 6.1381   35
 6.1431   50
 6.1481   48
 6.1531   47
 6.1581   49
 6.1631   48
 6.1681   49
 6.1731   49
 6.1781   48
 6.1831   39
 6.1881   51
 6.1931   49
 6.1981   49
 6.2031   42
 6.2081   69
 6.2131   55
 6.2181   60
 6.2231   71
 6.2281   62
 6.2331   61
 6.2381   82
 6.2431   89
 6.2481   83
 6.2531  113
 6.2581  108
 6.2631  112
 6.2681  146
 6.2731  183
 6.2781  200
 6.2831  254
 6.2881  316
 6.2931  364
 6.2981  391
 6.3031  473
 6.3081  531
 6.3131  639
 6.3181  666
 6.3231  825
 6.3281  919
 6.3331  922
 6.3381 1044
 6.3431 1130
 6.3481 1237
 6.3531 1408
 6.3581 1509
 6.3631 1557
 6.3681 1603
 6.3731 1724
 6.3781 1821
 6.3831 1824
 6.3881 1919
 6.3931 1969
 6.3981 1908
 6.4031 2012
 6.4081 1982
 6.4131 1876
 6.4181 1850
 6.4231 1758
 6.4281 1658
 6.4331 1664
 6.4381 1596
 6.4431 1415
 6.4481 1337
 6.4531 1216
 6.4581 1161
 6.4631  987
 6.4681 1025
 6.4731  872
 6.4781  737
 6.4831  706
 6.4881  566
 6.4931  531
 6.4981  453
 6.5031  407
 6.5081  352
 6.5131  275
 6.5181  235
 6.5231  207
 6.5281  192
 6.5331  156
 6.5381  141
 6.5431  129
 6.5481   95
 6.5531  100
 6.5581   76
 6.5631   65
 6.5681   62
 6.5731   61
 6.5781   49
 6.5831   47
 6.5881   36
 6.5931   46
 6.5981   52
 6.6031   55
 6.6081   49
 6.6131   41
 6.6181   42
 6.6231   49
 6.6281   45
 6.6331   50
 6.6381   52
 6.6431   42
 6.6481   43
 6.6531   39
 6.6581   42
 6.6631   30
 6.6681   42
 6.6731   47
 6.6781   45
 6.6831   27
 6.6881   51
 6.6931   35
 6.6981   37
 6.7031   45
 6.7081   37
 6.7131   47
 6.7181   37
 6.7231   48
 6.7281   34
 6.7331   39
 6.7381   47
 6.7431   42
 6.7481   54
 6.7531   39
 6.7581   35
 6.7631   29
 6.7681   38
 6.7731   45
 6.7781   46
 6.7831   34
 6.7881   51
 6.7931   36
 6.7981   30
 6.8031   46
 6.8081   31
 6.8131   58
 6.8181   41
 6.8231   55
 6.8281   43
 6.8331   42
 6.8381   39
 6.8431   44
 6.8481   38
 6.8531   48
 6.8581   34
 6.8631   40
 6.8681   40
 6.8731   42
 6.8781   46
 6.8831   45
 6.8881   42
 6.8931   53
 6.8981   57
 6.9031   54
 6.9081   55
 6.9131   57
 6.9181   61
 6.9231   50
 6.9281   58
 6.9331   74
 6.9381   80
 6.9431   86
 6.9481   86
 6.9531  102
 6.9581  104
 6.9631  107
 6.9681  116
 6.9731  136
 6.9781  147
 6.9831  149
 6.9881  152
 6.9931  163
 6.9981  167
 7.0031  224
 7.0081  237
 7.0131  225
 7.0181  234
 7.0231  209
 7.0281  250
 7.0331  293
 7.0381  288
 7.0431  268
 7.0481  268
 7.0531  262
 7.0581  289
 7.0631  309
 7.0681  264
 7.0731  274
 7.0781  272
 7.0831  250
 7.0881  272
 7.0931  252
 7.0981  232
 7.1031  182
 7.1081  202
 7.1131  176
 7.1181  164
 7.1231  149
 7.1281  150
 7.1331  134
 7.1381  146
 7.1431  120
 7.1481  110
 7.1531   93
 7.1581   90
 7.1631   88
 7.1681   77
 7.1731   70
 7.1781   63
 7.1831   66
 7.1881   57
 7.1931   56
 7.1981   54
 7.2031   51
 7.2081   40
 7.2131   50
 7.2181   46
 7.2231   31
 7.2281   44
 7.2331   37
 7.2381   35
 7.2431   37
 7.2481   36
 7.2531   45
 7.2581   47
 7.2631   38
 7.2681   40
 7.2731   48
 7.2781   39
 7.2831   62
 7.2881   57
 7.2931   59
 7.2981   67
 7.3031   81
 7.3081   89
 7.3131  125
 7.3181  103
 7.3231  146
 7.3281  191
 7.3331  215
 7.3381  224
 7.3431  241
 7.3481  330
 7.3531  344
 7.3581  369
 7.3631  469
 7.3681  511
 7.3731  628
 7.3781  671
 7.3831  731
 7.3881  848
 7.3931  925
 7.3981 1050
 7.4031 1137
 7.4081 1313
 7.4131 1416
 7.4181 1535
 7.4231 1595
 7.4281 1690
 7.4331 1815
 7.4381 1824
 7.4431 1966
 7.4481 2066
 7.4531 2116
 7.4581 2078
 7.4631 2249
 7.4681 2141
 7.4731 2211
 7.4781 2142
 7.4831 2207
 7.4881 2095
 7.4931 1966
 7.4981 1997
 7.5031 1960
 7.5081 1752
 7.5131 1727
 7.5181 1728
 7.5231 1568
 7.5281 1444
 7.5331 1310
 7.5381 1195
 7.5431 1083
 7.5481  985
 7.5531  881
 7.5581  815
 7.5631  734
 7.5681  648
 7.5731  546
 7.5781  484
 7.5831  447
 7.5881  370
 7.5931  353
 7.5981  274
 7.6031  217
 7.6081  187
 7.6131  181
 7.6181  141
 7.6231  135
 7.6281  108
 7.6331  108
 7.6381   68
 7.6431   81
 7.6481   57
 7.6531   58
 7.6581   50
 7.6631   40
 7.6681   50
 7.6731   38
 7.6781   45
 7.6831   36
 7.6881   36
 7.6931   28
 7.6981   24
 7.7031   30
 7.7081   21
 7.7131   41
 7.7181   34
 7.7231   24
 7.7281   29
 7.7331   42
 7.7381   33
 7.7431   41
 7.7481   25
 7.7531   34
 7.7581   38
 7.7631   30
 7.7681   26
 7.7731   25
 7.7781   33
 7.7831   31
 7.7881   36
 7.7931   27
 7.7981   22
 7.8031   30
 7.8081   31
 7.8131   34
 7.8181   27
 7.8231   31
 7.8281   36
 7.8331   28
 7.8381   31
 7.8431   25
 7.8481   39
 7.8531   26
 7.8581   38
 7.8631   32
 7.8681   36
 7.8731   32
 7.8781   28
 7.8831   22
 7.8881   36
 7.8931   34
 7.8981   26
 7.9031   34
 7.9081   34
 7.9131   34
 7.9181   32
 7.9231   34
 7.9281   32
 7.9331   33
 7.9381   35
 7.9431   29
 7.9481   28
 7.9531   32
 7.9581   30
 7.9631   28
 7.9681   41
 7.9731   37
 7.9781   37
 7.9831   32
 7.9881   37
 7.9931   36
 7.9981   29
 8.0031   49
 8.0081   30
 8.0131   38
 8.0181   38
 8.0231   37
 8.0281   37
 8.0331   34
 8.0381   34
 8.0431   37
 8.0481   38
 8.0531   39
 8.0581   36
 8.0631   39
 8.0681   46
 8.0731   42
 8.0781   42
 8.0831   33
 8.0881   59
 8.0931   33
 8.0981   63
 8.1031   55
 8.1081   48
 8.1131   69
 8.1181   59
 8.1231   65
 8.1281   71
 8.1331   81
 8.1381   81
 8.1431   91
 8.1481   82
 8.1531   96
 8.1581  109
 8.1631  124
 8.1681  137
 8.1731  136
 8.1781  133
 8.1831  187
 8.1881  190
 8.1931  204
 8.1981  215
 8.2031  204
 8.2081  217
 8.2131  240
 8.2181  238
 8.2231  290
 8.2281  260
 8.2331  275
 8.2381  287
 8.2431  300
 8.2481  293
 8.2531  289
 8.2581  276
 8.2631  313
 8.2681  288
 8.2731  312
 8.2781  285
 8.2831  296
 8.2881  330
 8.2931  304
 8.2981  278
 8.3031  242
 8.3081  216
 8.3131  223
 8.3181  222
 8.3231  194
 8.3281  211
 8.3331  176
 8.3381  173
 8.3431  150
 8.3481  121
 8.3531  136
 8.3581  123
 8.3631  101
 8.3681   92
 8.3731   89
 8.3781   71
 8.3831   64
 8.3881   50
 8.3931   52
 8.3981   45
 8.4031   43
 8.4081   41
 8.4131   47
 8.4181   51
 8.4231   34
 8.4281   36
 8.4331   27
 8.4381   28
 8.4431   19
 8.4481   25
 8.4531   24
 8.4581   24
 8.4631   18
 8.4681   30
 8.4731   23
 8.4781   29
 8.4831   30
 8.4881   20
 8.4931   29
 8.4981   32
 8.5031   22
 8.5081   22
 8.5131   22
 8.5181   25
 8.5231   26
 8.5281   29
 8.5331   24
 8.5381   22
 8.5431   24
 8.5481   25
 8.5531   24
 8.5581   34
 8.5631   19
 8.5681   27
 8.5731   28
 8.5781   18
 8.5831   22
 8.5881   21
 8.5931   22
 8.5981   18
 8.6031   24
 8.6081   11
 8.6131   23
 8.6181   25
 8.6231   18
 8.6281   18
 8.6331   26
 8.6381   32
 8.6431   34
 8.6481   22
 8.6531   28
 8.6581   25
 8.6631   17
 8.6681   21
 8.6731   33
 8.6781   31
 8.6831   16
 8.6881   38
 8.6931   25
 8.6981   22
 8.7031   19
 8.7081   24
 8.7131   20
 8.7181   23
 8.7231   25
 8.7281   19
 8.7331   22
 8.7381   18
 8.7431   27
 8.7481   17
 8.7531   24
 8.7581   13
 8.7631   31
 8.7681   19
 8.7731   25
 8.7781   23
 8.7831   21
 8.7881   22
 8.7931   24
 8.7981   23
 8.8031   29
 8.8081   19
 8.8131   21
 8.8181   16
 8.8231   15
 8.8281   32
 8.8331   17
 8.8381   23
 8.8431   18
 8.8481   24
 8.8531   25
 8.8581   30
 8.8631   31
 8.8681   26
 8.8731   25
 8.8781   15
 8.8831   25
 8.8881   14
 8.8931   21
 8.8981   22
 8.9031   33
 8.9081   16
 8.9131   28
 8.9181   29
 8.9231   26
 8.9281   25
 8.9331   26
 8.9381   16
 8.9431   24
 8.9481   21
 8.9531   23
 8.9581   19
 8.9631   20
 8.9681   14
 8.9731   16
 8.9781   20
 8.9831   14
 8.9881   25
 8.9931   24
 8.9981   25
 9.0031   16
 9.0081   16
 9.0131   16
 9.0181   23
 9.0231   24
 9.0281   24
 9.0331   19
 9.0381   27
 9.0431   22
 9.0481   24
 9.0531   30
 9.0581   19
 9.0631   20
 9.0681   16
 9.0731   30
 9.0781   23
 9.0831   21
 9.0881   21
 9.0931   18
 9.0981   20
 9.1031   15
 9.1081   28
 9.1131   23
 9.1181   20
 9.1231   31
 9.1281   19
 9.1331   20
 9.1381   24
 9.1431   14
 9.1481   22
 9.1531   16
 9.1581   23
 9.1631   23
 9.1681   18
 9.1731   32
 9.1781   16
 9.1831   21
 9.1881   19
 9.1931   20
 9.1981   17
 9.2031   20
 9.2081   22
 9.2131   26
 9.2181   13
 9.2231   20
 9.2281   24
 9.2331   18
 9.2381   15
 9.2431   20
 9.2481   22
 9.2531   20
 9.2581   21
 9.2631   23
 9.2681   19
 9.2731   20
 9.2781   25
 9.2831   14
 9.2881   22
 9.2931   16
 9.2981   16
 9.3031   17
 9.3081   19
 9.3131   20
 9.3181   26
 9.3231   20
 9.3281   21
 9.3331   18
 9.3381   14
 9.3431   17
 9.3481   26
 9.3531   20
 9.3581   20
 9.3631   26
 9.3681   19
 9.3731   24
 9.3781   24
 9.3831   19
 9.3881   23
 9.3931   16
 9.3981   24
 9.4031   16
 9.4081   21
 9.4131   23
 9.4181   15
 9.4231   23
 9.4281   31
 9.4331   16
 9.4381   23
 9.4431   19
 9.4481   23
 9.4531   23
 9.4581   17
 9.4631   17
 9.4681   27
 9.4731   24
 9.4781   22
 9.4831   20
 9.4881   14
 9.4931   29
 9.4981   22
 9.5031   19
 9.5081   24
 9.5131   15
 9.5181   16
 9.5231   18
 9.5281   18
 9.5331   16
 9.5381   20
 9.5431   18
 9.5481   18
 9.5531   19
 9.5581   27
 9.5631   12
 9.5681   13
 9.5731   21
 9.5781   25
 9.5831   24
 9.5881   18
 9.5931   10
 9.5981   22
 9.6031   19
 9.6081   17
 9.6131   11
 9.6181   21
 9.6231   19
 9.6281   24
 9.6331   30
 9.6381   20
 9.6431   23
 9.6481   17
 9.6531   29
 9.6581   23
 9.6631   18
 9.6681   15
 9.6731   21
 9.6781   17
 9.6831   21
 9.6881   26
 9.6931   21
 9.6981   21
 9.7031   14
 9.7081   20
 9.7131   19
 9.7181   16
 9.7231   13
 9.7281   20
 9.7331   20
 9.7381   12
 9.7431   17
 9.7481   20
 9.7531   18
 9.7581   29
 9.7631   16
 9.7681   26
 9.7731   19
 9.7781   18
 9.7831   13
 9.7881   20
 9.7931   20
 9.7981   20
 9.8031   17
 9.8081   16
 9.8131   18
 9.8181   14
 9.8231   23
 9.8281   17
 9.8331   20
 9.8381   16
 9.8431   15
 9.8481   22
 9.8531   13
 9.8581   17
 9.8631   17
 9.8681   21
 9.8731   19
 9.8781   14
 9.8831   10
 9.8881   25
 9.8931   16
 9.8981   26
 9.9031   17
 9.9081   23
 9.9131   14
 9.9181   12
 9.9231   15
 9.9281   25
 9.9331   21
 9.9381   17
 9.9431   19
 9.9481   28
 9.9531   13
 9.9581   19
 9.9631   20
 9.9681   12
 9.9731   17
 9.9781   13
 9.9831   14
 9.9881   21
 9.9931   20
 9.9981   15
10.0031   19
10.0081   17
10.0131   17
10.0181   18
10.0231   19
10.0281   20
10.0331   11
10.0381   11
10.0431   23
10.0481   22
10.0531   16
10.0581   17
10.0631   11
10.0681   14
10.0731   28
10.0781   12
10.0831   18
10.0881   22
10.0931   22
10.0981    9
10.1031   26
10.1081   27
10.1131   14
10.1181   27
10.1231   20
10.1281   24
10.1331   17
10.1381   21
10.1431   20
10.1481   10
10.1531   10
10.1581   16
10.1631   25
10.1681   23
10.1731   10
10.1781   26
10.1831   16
10.1881   24
10.1931   20
10.1981   17
10.2031   15
10.2081   29
10.2131   16
10.2181   23
10.2231   15
10.2281   15
10.2331   19
10.2381   17
10.2431   12
10.2481   11
10.2531   13
10.2581   16
10.2631   14
10.2681   17
10.2731   20
10.2781   18
10.2831   10
10.2881   15
10.2931   20
10.2981   16
10.3031   18
10.3081   21
10.3131   21
10.3181   23
10.3231   18
10.3281   26
10.3331   26
10.3381   21
10.3431   17
10.3481   24
10.3531   17
10.3581   19
10.3631   17
10.3681   18
10.3731   15
10.3781   16
10.3831   21
10.3881   15
10.3931   26
10.3981   22
10.4031   18
10.4081   20
10.4131   32
10.4181   20
10.4231   24
10.4281   19
10.4331   16
10.4381   16
10.4431   16
10.4481   19
10.4531   15
10.4581   17
10.4631   13
10.4681   12
10.4731   20
10.4781   15
10.4831   16
10.4881   20
10.4931   19
10.4981   23
10.5031   16
10.5081   12
10.5131   14
10.5181   16
10.5231   18
10.5281   17
10.5331   21
10.5381   22
10.5431   15
10.5481   17
10.5531   23
10.5581   15
10.5631   26
10.5681   22
10.5731   17
10.5781   19
10.5831   24
10.5881   19
10.5931   20
10.5981   15
10.6031   22
10.6081   24
10.6131   17
10.6181   11
10.6231   13
10.6281   18
10.6331   21
10.6381   17
10.6431   21
10.6481   16
10.6531   18
10.6581   22
10.6631   15
10.6681   15
10.6731   19
10.6781   19
10.6831   19
10.6881   27
10.6931   29
10.6981   19
10.7031   15
10.7081   18
10.7131   15
10.7181   12
10.7231   17
10.7281   21
10.7331   22
10.7381   24
10.7431   13
10.7481   21
10.7531   18
10.7581   17
10.7631   11
10.7681   12
10.7731    9
10.7781   16
10.7831   14
10.7881   14
10.7931   17
10.7981   19
10.8031   16
10.8081   15
10.8131   14
10.8181   16
10.8231   19
10.8281   14
10.8331   15
10.8381   16
10.8431   16
10.8481   18
10.8531   16
10.8581   14
10.8631   18
10.8681   19
10.8731   14
10.8781   11
10.8831   19
10.8881   18
10.8931   12
10.8981   13
10.9031   19
10.9081   15
10.9131   19
10.9181   19
10.9231   18
10.9281   16
10.9331   14
10.9381   15
10.9431   12
10.9481   15
10.9531   19
10.9581   11
10.9631   17
10.9681   21
10.9731   19
10.9781   12
10.9831   20
10.9881   14
10.9931   16
10.9981   15
11.0031   16
11.0081   20
11.0131   10
11.0181   13
11.0231   16
11.0281   23
11.0331   15
11.0381   18
11.0431    8
11.0481   13
11.0531   12
11.0581   11
11.0631   18
11.0681   13
11.0731   14
11.0781   16
11.0831    8
11.0881   22
11.0931    7
11.0981   17
11.1031   17
11.1081   14
11.1131   17
11.1181   13
11.1231   24
11.1281   21
11.1331   14
11.1381   12
11.1431   23
11.1481   20
11.1531   16
11.1581   14
11.1631   15
11.1681   18
11.1731   19
11.1781   13
11.1831   18
11.1881   26
11.1931   19
11.1981   10
11.2031   16
11.2081   15
11.2131   15
11.2181   11
11.2231   17
11.2281   12
11.2331   16
11.2381   16
11.2431   15
11.2481   15
11.2531   23
11.2581   15
11.2631   24
11.2681   13
11.2731   14
11.2781   12
11.2831   11
11.2881   15
11.2931   12
11.2981   19
11.3031   16
11.3081   19
11.3131   20
11.3181   11
11.3231   22
11.3281   28
11.3331   10
11.3381   17
11.3431   12
11.3481   19
11.3531   15
11.3581   16
11.3631   13
11.3681   20
11.3731   12
11.3781   12
11.3831   18
11.3881   27
11.3931   18
11.3981   15
11.4031   17
11.4081   27
11.4131   15
11.4181   19
11.4231    9
11.4281   10
11.4331   12
11.4381   12
11.4431   19
11.4481   11
11.4531   15
11.4581   15
11.4631   18
11.4681   16
11.4731   14
11.4781   13
11.4831   11
11.4881   13
11.4931    6
11.4981   21
11.5031   11
11.5081   14
11.5131   10
11.5181   11
11.5231   14
11.5281    9
11.5331   17
11.5381    8
11.5431   16
11.5481   14
11.5531   17
11.5581   14
11.5631    9
11.5681   17
11.5731   15
11.5781   14
11.5831   10
11.5881   12
11.5931   13
11.5981   13
11.6031   14
11.6081   13
11.6131   18
11.6181   12
11.6231   11
11.6281   17
11.6331   14
11.6381   18
11.6431   13
11.6481   15
11.6531   16
11.6581   12
11.6631   17
11.6681   23
11.6731   19
11.6781   20
11.6831   12
11.6881   22
11.6931   21
11.6981   15
11.7031   13
11.7081   11
11.7131   18
11.7181   15
11.7231    8
11.7281   10
11.7331   17
11.7381   13
11.7431   17
11.7481   14
11.7531    9
11.7581   13
11.7631   18
11.7681   17
11.7731   11
11.7781   12
11.7831   19
11.7881   10
11.7931   14
11.7981   15
11.8031    9
11.8081   16
11.8131   12
11.8181   15
11.8231   12
11.8281   14
11.8331   17
11.8381   12
11.8431   18
11.8481   25
11.8531   19
11.8581    9
11.8631   20
11.8681   21
11.8731   15
11.8781   15
11.8831   14
11.8881   19
11.8931    7
11.8981   13
11.9031   14
11.9081   11
11.9131    8
11.9181   11
11.9231   14
11.9281   10
11.9331   21
11.9381   13
11.9431   15
11.9481   17
11.9531   19
11.9581   16
11.9631   19
11.9681   13
11.9731   17
11.9781   18
11.9831   15
11.9881   10
11.9931   18
11.9981   11
12.0031   14
12.0081   20
12.0131   14
12.0181   15
12.0231   11
12.0281   17
12.0331   10
12.0381   22
12.0431    8
12.0481   10
12.0531    9
12.0581   17
12.0631   11
12.0681   11
12.0731   17
12.0781   16
12.0831   14
12.0881   13
12.0931   10
12.0981   23
12.1031   22
12.1081   16
12.1131    9
12.1181   13
12.1231   18
12.1281   16
12.1331   19
12.1381    7
12.1431   12
12.1481   13
12.1531   15
12.1581   18
12.1631   10
12.1681   19
12.1731   21
12.1781   16
12.1831   13
12.1881   12
12.1931    9
12.1981   15
12.2031   11
12.2081   17
12.2131   12
12.2181   15
12.2231   10
12.2281   13
12.2331   15
12.2381    8
12.2431   16
12.2481   18
12.2531   15
12.2581   18
12.2631   11
12.2681   11
12.2731   13
12.2781   12
12.2831    9
12.2881    7
12.2931   13
12.2981   20
12.3031   15
12.3081    9
12.3131   14
12.3181   18
12.3231   14
12.3281    9
12.3331    8
12.3381   22
12.3431   12
12.3481   11
12.3531   15
12.3581   19
12.3631   18
12.3681   12
12.3731   16
12.3781   12
12.3831   12
12.3881   10
12.3931   17
12.3981   13
12.4031   19
12.4081   12
12.4131   11
12.4181   12
12.4231   12
12.4281    6
12.4331   18
12.4381   15
12.4431   13
12.4481   13
12.4531   16
12.4581   13
12.4631   13
12.4681   16
12.4731   15
12.4781   11
12.4831   17
12.4881   16
12.4931    9
12.4981   14
12.5031   12
12.5081   16
12.5131   11
12.5181   16
12.5231   21
12.5281   11
12.5331   11
12.5381   10
12.5431   15
12.5481    6
12.5531   11
12.5581   14
12.5631   11
12.5681   11
12.5731   15
12.5781   11
12.5831   19
12.5881   11
12.5931   12
12.5981   14
12.6031   15
12.6081   19
12.6131   11
12.6181   13
12.6231    9
12.6281    7
12.6331   11
12.6381   12
12.6431    9
12.6481   13
12.6531   16
12.6581   13
12.6631   11
12.6681   14
12.6731   11
12.6781   11
12.6831   17
12.6881   11
12.6931    7
12.6981   15
12.7031    8
12.7081   14
12.7131   12
12.7181   14
12.7231   11
12.7281   15
12.7331   14
12.7381    8
12.7431   12
12.7481    8
12.7531   12
12.7581   11
12.7631   12
12.7681   13
12.7731   13
12.7781   14
12.7831   13
12.7881    8
12.7931   16
12.7981   12
12.8031   18
12.8081   11
12.8131   18
12.8181   16
12.8231   16
12.8281   11
12.8331   13
12.8381   10
12.8431   11
12.8481   11
12.8531   12
12.8581   14
12.8631   12
12.8681    9
12.8731   11
12.8781   13
12.8831   11
12.8881   10
12.8931   16
12.8981   16
12.9031   13
12.9081   15
12.9131   11
12.9181   10
12.9231    8
12.9281   12
12.9331   16
12.9381   20
12.9431    9
12.9481   15
12.9531   15
12.9581    6
12.9631   16
12.9681   17
12.9731   17
12.9781   17
12.9831    9
12.9881   17
12.9931   11
12.9981   11
13.0031    8
13.0081   14
13.0131   10
13.0181    9
13.0231    5
13.0281   17
13.0331   19
13.0381   13
13.0431   16
13.0481   17
13.0531   14
13.0581   13
13.0631    8
13.0681   15
13.0731    8
13.0781   12
13.0831   14
13.0881    8
13.0931   11
13.0981    7
13.1031   10
13.1081   11
13.1131   14
13.1181   12
13.1231   10
13.1281    6
13.1331    7
13.1381   10
13.1431    8
13.1481   10
13.1531   10
13.1581   13
13.1631   10
13.1681   15
13.1731    8
13.1781   10
13.1831   11
13.1881   11
13.1931   10
13.1981   18
13.2031    7
13.2081   16
13.2131   12
13.2181   11
13.2231    7
13.2281    9
13.2331   10
13.2381   15
13.2431   12
13.2481    7
13.2531   10
13.2581   15
13.2631   16
13.2681   13
13.2731    7
13.2781   15
13.2831   17
13.2881   11
13.2931   12
13.2981    9
13.3031    5
13.3081   15
13.3131    8
13.3181    6
13.3231   12
13.3281   10
13.3331    8
13.3381   13
13.3431   12
13.3481   15
13.3531   11
13.3581   15
13.3631   21
13.3681   12
13.3731   11
13.3781   11
13.3831   13
13.3881   15
13.3931    8
13.3981   14
13.4031   15
13.4081   13
13.4131   15
13.4181   10
13.4231   13
13.4281   17
13.4331   14
13.4381   11
13.4431   12
13.4481    4
13.4531    9
13.4581   22
13.4631    9
13.4681   11
13.4731   13
13.4781   14
13.4831   11
13.4881   16
13.4931    6
13.4981    6
13.5031   16
13.5081    8
13.5131   12
13.5181   14
13.5231   12
13.5281   14
13.5331   10
13.5381   17
13.5431   11
13.5481   15
13.5531   11
13.5581   18
13.5631    5
13.5681   11
13.5731    6
13.5781   13
13.5831   16
13.5881    9
13.5931   13
13.5981   14
13.6031    9
13.6081   14
13.6131   13
13.6181    9
13.6231   14
13.6281   14
13.6331   21
13.6381    6
13.6431   14
13.6481   11
13.6531   13
13.6581    7
13.6631    8
13.6681   11
13.6731   13
13.6781    6
13.6831    8
13.6881    7
13.6931    6
13.6981   10
13.7031   15
13.7081   12
13.7131   12
13.7181    8
13.7231    8
13.7281   11
13.7331    6
13.7381    7
13.7431    4
13.7481   10
13.7531   15
13.7581   11
13.7631    8
13.7681   14
13.7731    7
13.7781   12
13.7831    9
13.7881    9
13.7931   10
13.7981    6
13.8031    7
13.8081   10
13.8131   13
13.8181   15
13.8231   12
13.8281   12
13.8331   16
13.8381   12
13.8431   11
13.8481    9
13.8531    7
13.8581   16
13.8631    9
13.8681   12
13.8731   15
13.8781    8
13.8831   10
13.8881    5
13.8931   12
13.8981   13
13.9031   12
13.9081   10
13.9131    8
13.9181   10
13.9231   11
13.9281    4
13.9331   16
13.9381   12
13.9431   18
13.9481    6
13.9531    9
13.9581    9
13.9631    5
13.9681    7
13.9731   11
13.9781    9
13.9831   11
13.9881   12
13.9931   11
13.9981    8
14.0031   15
14.0081    9
14.0131    5
14.0181   11
14.0231    8
14.0281    6
14.0331   13
14.0381    9
14.0431    8
14.0481    6
14.0531   13
14.0581   13
14.0631   12
14.0681    9
14.0731   20
14.0781   11
14.0831   10
14.0881    7
14.0931    3
14.0981    7
14.1031    9
14.1081   15
14.1131    6
14.1181    8
14.1231    4
14.1281    8
14.1331    8
14.1381    5
14.1431    8
14.1481    8
14.1531    6
14.1581   14
14.1631   14
14.1681    8
14.1731    7
14.1781   10
14.1831    9
14.1881   12
14.1931    8
14.1981   12
14.2031   13
14.2081    7
14.2131    5
14.2181    8
14.2231    8
14.2281    8
14.2331   13
14.2381    7
14.2431   15
14.2481   13
14.2531   14
14.2581    9
14.2631    8
14.2681   15
14.2731    7
14.2781    7
14.2831    9
14.2881    8
14.2931    6
14.2981   10
14.3031   14
14.3081   11
14.3131    6
14.3181   12
14.3231    8
14.3281    5
14.3331    6
14.3381   11
14.3431   10
14.3481    8
14.3531    8
14.3581    5
14.3631   14
14.3681   15
14.3731    7
14.3781    6
14.3831   12
14.3881   12
14.3931    7
14.3981    9
14.4031    7
14.4081   10
14.4131   12
14.4181    6
14.4231   10
14.4281   10
14.4331    1
14.4381    5
14.4431   17
14.4481   10
14.4531    7
14.4581    9
14.4631   12
14.4681   13
14.4731    4
14.4781   13
14.4831    7
14.4881    4
14.4931   10
14.4981    8
14.5031    6
14.5081    8
14.5131   10
14.5181    7
14.5231    9
14.5281    5
14.5331   11
14.5381   13
14.5431    5
14.5481    5
14.5531    9
14.5581   10
14.5631    6
14.5681    9
14.5731    8
14.5781    7
14.5831   16
14.5881    8
14.5931   11
14.5981    9
14.6031    9
14.6081    9
14.6131    9
14.6181    5
14.6231   10
14.6281    6
14.6331   10
14.6381   12
14.6431    5
14.6481    6
14.6531   12
14.6581   10
14.6631    5
14.6681    9
14.6731    5
14.6781    7
14.6831   13
14.6881   11
14.6931   10
14.6981    6
14.7031    6
14.7081    7
14.7131   11
14.7181    5
14.7231    5
14.7281   11
14.7331    4
14.7381    4
14.7431   10
14.7481    8
14.7531    7
14.7581    9
14.7631   12
14.7681   10
14.7731    3
14.7781    4
14.7831    4
14.7881    9
14.7931    6
14.7981    7
14.8031   14
14.8081    5
14.8131    7
14.8181   14
14.8231   13
14.8281   11
14.8331    8
14.8381    8
14.8431   16
14.8481    8
14.8531   10
14.8581   12
14.8631    5
14.8681    7
14.8731    9
14.8781    9
14.8831    6
14.8881    6
14.8931   10
14.8981    9
14.9031    7
14.9081    5
14.9131    7
14.9181   15
14.9231    9
14.9281    7
14.9331    8
14.9381   11
14.9431    5
14.9481    8
14.9531   12
14.9581    7
14.9631    5
14.9681   12
14.9731    6
14.9781    5
14.9831   11
14.9881    5
14.9931   13
14.9981   11
15.0031   11
15.0081    5
15.0131   12
15.0181    7
15.0231   11
15.0281   18
15.0331    8
15.0381    5
15.0431    6
15.0481   10
15.0531    8
15.0581    7
15.0631   10
15.0681    9
15.0731    4
15.0781    6
15.0831    7
15.0881    7
15.0931    8
15.0981   10
15.1031   12
15.1081   12
15.1131    5
15.1181   10
15.1231   10
15.1281   16
15.1331   12
15.1381    8
15.1431    7
15.1481    2
15.1531    5
15.1581   10
15.1631    5
15.1681    6
15.1731    9
15.1781   10
15.1831    9
15.1881    8
15.1931   11
15.1981    9
15.2031    5
15.2081    6
15.2131   11
15.2181    4
15.2231    4
15.2281    5
15.2331    4
15.2381    6
15.2431    4
15.2481    7
15.2531    7
15.2581    9
15.2631   10
15.2681    6
15.2731    9
15.2781    9
15.2831    8
15.2881   12
15.2931   12
15.2981   10
15.3031    4
15.3081    8
15.3131    7
15.3181    4
15.3231    4
15.3281    7
15.3331    7
15.3381    3
15.3431    6
15.3481    6
15.3531    5
15.3581   10
15.3631    4
15.3681   10
15.3731    7
15.3781    8
15.3831   11
15.3881   11
15.3931    7
15.3981    5
15.4031    8
15.4081    6
15.4131    8
15.4181   13
15.4231    7
15.4281    9
15.4331    5
15.4381    8
15.4431    6
15.4481    7
15.4531    8
15.4581    8
15.4631   12
15.4681    7
15.4731    8
15.4781    4
15.4831    6
15.4881    7
15.4931    9
15.4981    8
15.5031    6
15.5081   12
15.5131    9
15.5181    8
15.5231    6
15.5281    7
15.5331    4
15.5381    8
15.5431    8
15.5481    7
15.5531    9
15.5581    4
15.5631   13
15.5681    2
15.5731   12
15.5781    5
15.5831   12
15.5881    5
15.5931   10
15.5981    6
15.6031    7
15.6081   11
15.6131    4
15.6181    8
15.6231   12
15.6281   14
15.6331    3
15.6381    6
15.6431    6
15.6481    6
15.6531   12
15.6581    5
15.6631    7
15.6681    6
15.6731    9
15.6781    4
15.6831    7
15.6881    5
15.6931   10
15.6981    3
15.7031   12
15.7081    8
15.7131    6
15.7181    5
15.7231    3
15.7281    5
15.7331    7
15.7381    9
15.7431    7
15.7481    7
15.7531    6
15.7581    9
15.7631    2
15.7681    5
15.7731    6
15.7781   12
15.7831   10
15.7881    6
15.7931    6
15.7981    8
15.8031   11
15.8081    5
15.8131    8
15.8181    6
15.8231    5
15.8281    2
15.8331    7
15.8381    5
15.8431    9
15.8481   10
15.8531    5
15.8581    4
15.8631    3
15.8681    7
15.8731    8
15.8781    7
15.8831    5
15.8881    7
15.8931    7
15.8981    2
15.9031    6
15.9081   12
15.9131    8
15.9181    5
15.9231    1
15.9281    4
15.9331    7
15.9381   10
15.9431    2
15.9481    4
15.9531    5
15.9581    7
15.9631    5
15.9681   10
15.9731    5
15.9781   11
15.9831   16
15.9881    2
15.9931    9
15.9981    9
16.0031    3
16.0081    3
16.0131    6
16.0181    3
16.0231    9
16.0281    5
16.0331    6
16.0381    3
16.0431    5
16.0481    2
16.0531    6
16.0581   12
16.0631    8
16.0681    5
16.0731    7
16.0781    5
16.0831    7
16.0881   11
16.0931    8
16.0981    6
16.1031    6
16.1081   11
16.1131    5
16.1181    2
16.1231    7
16.1281    8
16.1331   15
16.1381    3
16.1431   10
16.1481    7
16.1531    7
16.1581    7
16.1631    4
16.1681    5
16.1731    8
16.1781    5
16.1831    6
16.1881    9
16.1931    4
16.1981    5
16.2031    9
16.2081    6
16.2131    9
16.2181    4
16.2231    6
16.2281    5
16.2331    8
16.2381    7
16.2431   11
16.2481   10
16.2531    8
16.2581    7
16.2631    4
16.2681    3
16.2731    5
16.2781    6
16.2831    1
16.2881    5
16.2931    3
16.2981    5
16.3031    1
16.3081    7
16.3131    4
16.3181   14
16.3231    7
16.3281    8
16.3331    6
16.3381    7
16.3431    5
16.3481    5
16.3531    7
16.3581    2
16.3631    8
16.3681    8
16.3731    5
16.3781    5
16.3831    7
16.3881    4
16.3931    6
16.3981    3
16.4031    6
16.4081    3
16.4131    3
16.4181    8
16.4231    6
16.4281    9
16.4331    7
16.4381    4
16.4431    5
16.4481    7
16.4531    7
16.4581    9
16.4631    5
16.4681    5
16.4731    3
16.4781    8
16.4831    5
16.4881    6
16.4931    8
16.4981    6
16.5031    4
16.5081    5
16.5131    6
16.5181    6
16.5231    3
16.5281    5
16.5331    5
16.5381    4
16.5431    6
16.5481    9
16.5531    9
16.5581    6
16.5631    7
16.5681   10
16.5731    7
16.5781    5
16.5831   10
16.5881    3
16.5931    8
16.5981    4
16.6031    6
16.6081    6
16.6131    7
16.6181    7
16.6231    4
16.6281    5
16.6331   10
16.6381    7
16.6431    8
16.6481    6
16.6531    8
16.6581   10
16.6631    6
16.6681    5
16.6731    4
16.6781    3
16.6831    1
16.6881    6
16.6931    6
16.6981    4
16.7031    4
16.7081    6
16.7131    6
16.7181    4
16.7231    7
16.7281    2
16.7331    3
16.7381    3
16.7431    3
16.7481    3
16.7531    4
16.7581    3
16.7631    9
16.7681    7
16.7731    5
16.7781    3
16.7831    6
16.7881    3
16.7931    5
16.7981    6
16.8031    5
16.8081    6
16.8131    8
16.8181    6
16.8231    3
16.8281    3
16.8331    6
16.8381    9
16.8431    5
16.8481    7
16.8531    6
16.8581    8
16.8631    5
16.8681    6
16.8731    4
16.8781    4
16.8831    4
16.8881    2
16.8931    7
16.8981    6
16.9031   10
16.9081    7
16.9131    3
16.9181    4
16.9231    6
16.9281   11
16.9331   12
16.9381    4
16.9431    6
16.9481    4
16.9531    4
16.9581    2
16.9631    6
16.9681    5
16.9731    5
16.9781    6
16.9831    7
16.9881    5
16.9931    4
16.9981    6
17.0031    5
17.0081    4
17.0131    4
17.0181    5
17.0231   10
17.0281    2
17.0331    4
17.0381    7
17.0431   10
17.0481    7
17.0531    5
17.0581    3
17.0631    2
17.0681    5
17.0731    5
17.0781    5
17.0831    3
17.0881    2
17.0931   13
17.0981    5
17.1031    4
17.1081    5
17.1131    3
17.1181   10
17.1231    6
17.1281    8
17.1331    5
17.1381    5
17.1431    6
17.1481    3
17.1531   10
17.1581    4
17.1631    4
17.1681    1
17.1731    5
17.1781    5
17.1831    3
17.1881    7
17.1931    5
17.1981    5
17.2031    5
17.2081    5
17.2131    5
17.2181    6
17.2231    3
17.2281    7
17.2331    5
17.2381    8
17.2431    8
17.2481    6
17.2531    3
17.2581    5
17.2631    3
17.2681    3
17.2731    5
17.2781    4
17.2831    6
17.2881    2
17.2931    4
17.2981    4
17.3031    3
17.3081    7
17.3131    2
17.3181    2
17.3231    6
17.3281    5
17.3331    7
17.3381   11
17.3431    5
17.3481    1
17.3531    5
17.3581    4
17.3631    2
17.3681    5
17.3731    4
17.3781    5
17.3831    3
17.3881    7
17.3931    6
17.3981    7
17.4031    5
17.4081    5
17.4131    5
17.4181    3
17.4231    2
17.4281    2
17.4331    6
17.4381    9
17.4431    9
17.4481    2
17.4531    3
17.4581    5
17.4631    0
17.4681    7
17.4731    5
17.4781    7
17.4831    5
17.4881    1
17.4931    4
17.4981    5
17.5031    5
17.5081    6
17.5131    6
17.5181    4
17.5231   10
17.5281    5
17.5331    6
17.5381    7
17.5431    2
17.5481    6
17.5531    4
17.5581    3
17.5631    2
17.5681    8
17.5731    6
17.5781    4
17.5831    2
17.5881    5
17.5931    8
17.5981    3
17.6031    1
17.6081    6
17.6131    3
17.6181    5
17.6231    4
17.6281    4
17.6331    6
17.6381    4
17.6431    5
17.6481    8
17.6531   11
17.6581    7
17.6631    4
17.6681    2
17.6731   11
17.6781    3
17.6831    4
17.6881    3
17.6931    2
17.6981    5
17.7031    6
17.7081    5
17.7131    6
17.7181    8
17.7231    4
17.7281    6
17.7331    5
17.7381    6
17.7431    5
17.7481    6
17.7531    5
17.7581    8
17.7631    4
17.7681    3
17.7731    4
17.7781    2
17.7831    4
17.7881    4
17.7931    6
17.7981    4
17.8031    5
17.8081    1
17.8131    4
17.8181    2
17.8231    5
17.8281    3
17.8331    5
17.8381    4
17.8431    5
17.8481    3
17.8531    5
17.8581    1
17.8631    5
17.8681    2
17.8731    3
17.8781    3
17.8831    7
17.8881    5
17.8931    2
17.8981    3
17.9031    7
17.9081    0
17.9131    1
17.9181    3
17.9231    2
17.9281    5
17.9331    3
17.9381    5
17.9431    2
17.9481    2
17.9531    3
17.9581    3
17.9631    5
17.9681    6
17.9731    4
17.9781    3
17.9831    3
17.9881    4
17.9931    2
17.9981    3
18.0031    4
18.0081    3
18.0131    4
18.0181    8
18.0231    3
18.0281    3
18.0331    3
18.0381    5
18.0431    6
18.0481    4
18.0531    3
18.0581    1
18.0631    3
18.0681    4
18.0731    4
18.0781    2
18.0831    6
18.0881    3
18.0931    7
18.0981    0
18.1031    5
18.1081    4
18.1131    5
18.1181    1
18.1231    2
18.1281    7
18.1331    0
18.1381    7
18.1431    3
18.1481    5
18.1531    7
18.1581    2
18.1631    2
18.1681    5
18.1731    1
18.1781    1
18.1831    1
18.1881    3
18.1931    3
18.1981    6
18.2031    6
18.2081    5
18.2131    1
18.2181    1
18.2231    5
18.2281    4
18.2331    5
18.2381    2
18.2431    5
18.2481    3
18.2531    7
18.2581    3
18.2631    3
18.2681    2
18.2731    4
18.2781    5
18.2831    4
18.2881    5
18.2931    2
18.2981    4
18.3031    3
18.3081    6
18.3131    4
18.3181    4
18.3231    3
18.3281    3
18.3331    1
18.3381    4
18.3431    6
18.3481    4
18.3531    4
18.3581    6
18.3631    2
18.3681    7
18.3731    2
18.3781    3
18.3831    5
18.3881    4
18.3931    4
18.3981    4
18.4031    5
18.4081    3
18.4131    5
18.4181    6
18.4231    5
18.4281    6
18.4331    2
18.4381    3
18.4431    4
18.4481    3
18.4531    2
18.4581    5
18.4631    5
18.4681    7
18.4731    8
18.4781    4
18.4831    6
18.4881    7
18.4931    5
18.4981    6
18.5031    4
18.5081    3
18.5131    4
18.5181    6
18.5231    1
18.5281    6
18.5331    2
18.5381    1
18.5431    5
18.5481    3
18.5531    4
18.5581    3
18.5631    6
18.5681    5
18.5731    3
18.5781    3
18.5831    3
18.5881    9
18.5931    4
18.5981    2
18.6031    4
18.6081    4
18.6131    9
18.6181    6
18.6231    4
18.6281    2
18.6331    2
18.6381    3
18.6431    4
18.6481    6
18.6531    4
18.6581    4
18.6631    5
18.6681    3
18.6731    5
18.6781    7
18.6831    7
18.6881    3
18.6931    3
18.6981    1
18.7031    2
18.7081    2
18.7131    3
18.7181    1
18.7231    3
18.7281    4
18.7331    3
18.7381    4
18.7431    0
18.7481    3
18.7531    4
18.7581    1
18.7631    2
18.7681    2
18.7731    1
18.7781    3
18.7831    4
18.7881    3
18.7931    4
18.7981    5
18.8031    3
18.8081    4
18.8131    3
18.8181    2
18.8231    4
18.8281    1
18.8331    3
18.8381    3
18.8431    3
18.8481    3
18.8531    4
18.8581    2
18.8631    7
18.8681    3
18.8731    5
18.8781    3
18.8831    2
18.8881    6
18.8931    3
18.8981    5
18.9031    2
18.9081    2
18.9131    4
18.9181    2
18.9231    1
18.9281    8
18.9331    1
18.9381    7
18.9431    1
18.9481    3
18.9531    0
18.9581    2
18.9631    2
18.9681    6
18.9731    4
18.9781    4
18.9831    1
18.9881    4
18.9931    5
18.9981    4
19.0031    3
19.0081    5
19.0131    4
19.0181    3
19.0231    2
19.0281    3
19.0331    1
19.0381    1
19.0431    2
19.0481    2
19.0531    4
19.0581    4
19.0631    5
19.0681    4
19.0731    2
19.0781    2
19.0831    7
19.0881    3
19.0931    2
19.0981    6
19.1031    6
19.1081    6
19.1131    1
19.1181    6
19.1231    5
19.1281    4
19.1331    2
19.1381    2
19.1431    7
19.1481    2
19.1531    1
19.1581    3
19.1631    5
19.1681    3
19.1731    2
19.1781    3
19.1831    1
19.1881    5
19.1931    2
19.1981    3
19.2031    4
19.2081    2
19.2131    4
19.2181    5
19.2231    4
19.2281    4
19.2331    5
19.2381    4
19.2431    5
19.2481    2
19.2531    6
19.2581    3
19.2631    4
19.2681    5
19.2731    5
19.2781    4
19.2831    3
19.2881    3
19.2931    9
19.2981    3
19.3031    2
19.3081    2
19.3131    5
19.3181    7
19.3231    0
19.3281    3
19.3331    2
19.3381    1
19.3431    2
19.3481    4
19.3531    1
19.3581    2
19.3631    2
19.3681    1
19.3731    2
19.3781    4
19.3831    3
19.3881    1
19.3931    3
19.3981    2
19.4031    3
19.4081    4
19.4131    4
19.4181    4
19.4231    5
19.4281    4
19.4331    5
19.4381    2
19.4431    2
19.4481    5
19.4531    1
19.4581    3
19.4631    2
19.4681    5
19.4731    2
19.4781    2
19.4831    1
19.4881    0
19.4931    0
19.4981    3
19.5031    3
19.5081    5
19.5131    4
19.5181    2
19.5231    4
19.5281    2
19.5331    2
19.5381    5
19.5431    2
19.5481    8
19.5531    1
19.5581    3
19.5631    5
19.5681    2
19.5731    7
19.5781    3
19.5831    3
19.5881    1
19.5931    4
19.5981    3
19.6031    4
19.6081    2
19.6131    2
19.6181    2
19.6231    2
19.6281    4
19.6331    2
19.6381    1
19.6431    3
19.6481    4
19.6531    2
19.6581    3
19.6631    2
19.6681    7
19.6731    4
19.6781    5
19.6831    2
19.6881    3
19.6931    3
19.6981    1
19.7031    2
19.7081    2
19.7131    0
19.7181    3
19.7231    2
19.7281    2
19.7331    4
19.7381    3
19.7431    3
19.7481    2
19.7531    3
19.7581    1
19.7631    3
19.7681    4
19.7731    2
19.7781    2
19.7831    3
19.7881    3
19.7931    1
19.7981    2
19.8031    4
19.8081    4
19.8131    3
19.8181    2
19.8231    2
19.8281    0
19.8331    2
19.8381    1
19.8431    5
19.8481    1
19.8531    2
19.8581    2
19.8631    1
19.8681    2
19.8731    3
19.8781    2
19.8831    2
19.8881    3
19.8931    0
19.8981    5
19.9031    0
19.9081    4
19.9131    2
19.9181    2
19.9231    6
19.9281    1
19.9331    3
19.9381    2
19.9431    1
19.9481    1
19.9531    3
19.9581    3
19.9631    2
19.9681    7
19.9731    2
19.9781    4
19.9831    3
19.9881    3
19.9931    2
19.9981    1
