Bruker Nano GmbH Berlin, Germany
Esprit 1.9

Date: 9/14/2017 7:55:47 PM
Real time: 50012
Life time: 46073
Pulse density: 5428

Primary energy: 30
Take off angle: 35
Tilt angle: 0
Azimut angle: 45

Detector type: XFlash 6|30
Window type: slew AP3.3
Detector thickness: 0.45
Si dead layer:0.029

Calibration, lin.: 5
Calibration, abs.: -476.9
Mn FWHM: 126.173
Fano factor: 0.11
Channels: 4096

Energy Counts
-0.4769    0
-0.4719    0
-0.4669    0
-0.4619    0
-0.4569    0
-0.4519    0
-0.4469    0
-0.4419    0
-0.4369    0
-0.4319    0
-0.4269    0
-0.4219    0
-0.4169    0
-0.4119    0
-0.4069    0
-0.4019    0
-0.3969    0
-0.3919    0
-0.3869    0
-0.3819    0
-0.3769    0
-0.3719    0
-0.3669    0
-0.3619    0
-0.3569    0
-0.3519    0
-0.3469    0
-0.3419    0
-0.3369    0
-0.3319    0
-0.3269    0
-0.3219    0
-0.3169    0
-0.3119    0
-0.3069    0
-0.3019    0
-0.2969    0
-0.2919    0
-0.2869    0
-0.2819    0
-0.2769    0
-0.2719    0
-0.2669    0
-0.2619    0
-0.2569    0
-0.2519    0
-0.2469    0
-0.2419    0
-0.2369    0
-0.2319    0
-0.2269    0
-0.2219    0
-0.2169    0
-0.2119    0
-0.2069    0
-0.2019    0
-0.1969    0
-0.1919    0
-0.1869    0
-0.1819    0
-0.1769    0
-0.1719    0
-0.1669    0
-0.1619    0
-0.1569    0
-0.1519    0
-0.1469    0
-0.1419    0
-0.1369    0
-0.1319    0
-0.1269    0
-0.1219    0
-0.1169    0
-0.1119    0
-0.1069    0
-0.1019    0
-0.0969    0
-0.0919    0
-0.0869    0
-0.0819    1
-0.0769    2
-0.0719    1
-0.0669    9
-0.0619   17
-0.0569   46
-0.0519  116
-0.0469  214
-0.0419  447
-0.0369  689
-0.0319 1195
-0.0269 1761
-0.0219 2400
-0.0169 3217
-0.0119 3976
-0.0069 4426
-0.0019 4837
 0.0031 4717
 0.0081 4414
 0.0131 3605
 0.0181 2959
 0.0231 2164
 0.0281 1534
 0.0331 1014
 0.0381  605
 0.0431  375
 0.0481  185
 0.0531   98
 0.0581   53
 0.0631   27
 0.0681    8
 0.0731    0
 0.0781    1
 0.0831    2
 0.0881    0
 0.0931    0
 0.0981    0
 0.1031    0
 0.1081    0
 0.1131    0
 0.1181    5
 0.1231   14
 0.1281   11
 0.1331    8
 0.1381    6
 0.1431    6
 0.1481   11
 0.1531   14
 0.1581   10
 0.1631    6
 0.1681    7
 0.1731   11
 0.1781   14
 0.1831   17
 0.1881   11
 0.1931    9
 0.1981   11
 0.2031    7
 0.2081   13
 0.2131   17
 0.2181   19
 0.2231   27
 0.2281   25
 0.2331   38
 0.2381   49
 0.2431   62
 0.2481   85
 0.2531  103
 0.2581  121
 0.2631  134
 0.2681  142
 0.2731  141
 0.2781  144
 0.2831  169
 0.2881  131
 0.2931  126
 0.2981  114
 0.3031   82
 0.3081   62
 0.3131   46
 0.3181   38
 0.3231   26
 0.3281   16
 0.3331   19
 0.3381   13
 0.3431   10
 0.3481   12
 0.3531    8
 0.3581   10
 0.3631    9
 0.3681    7
 0.3731    8
 0.3781   16
 0.3831   16
 0.3881   11
 0.3931    9
 0.3981   12
 0.4031   12
 0.4081   10
 0.4131   15
 0.4181   18
 0.4231   23
 0.4281   20
 0.4331   14
 0.4381   15
 0.4431   18
 0.4481   22
 0.4531   30
 0.4581   31
 0.4631   39
 0.4681   50
 0.4731   56
 0.4781   66
 0.4831   84
 0.4881  110
 0.4931  140
 0.4981  163
 0.5031  204
 0.5081  240
 0.5131  242
 0.5181  279
 0.5231  254
 0.5281  279
 0.5331  272
 0.5381  241
 0.5431  228
 0.5481  187
 0.5531  148
 0.5581  138
 0.5631  101
 0.5681  112
 0.5731   98
 0.5781  111
 0.5831  120
 0.5881  113
 0.5931  137
 0.5981  156
 0.6031  171
 0.6081  160
 0.6131  191
 0.6181  178
 0.6231  184
 0.6281  177
 0.6331  179
 0.6381  172
 0.6431  179
 0.6481  161
 0.6531  204
 0.6581  199
 0.6631  238
 0.6681  286
 0.6731  321
 0.6781  350
 0.6831  430
 0.6881  478
 0.6931  498
 0.6981  600
 0.7031  564
 0.7081  572
 0.7131  542
 0.7181  460
 0.7231  420
 0.7281  361
 0.7331  322
 0.7381  289
 0.7431  231
 0.7481  141
 0.7531  135
 0.7581   85
 0.7631   91
 0.7681   56
 0.7731   47
 0.7781   32
 0.7831   38
 0.7881   20
 0.7931   37
 0.7981   33
 0.8031   24
 0.8081   31
 0.8131   29
 0.8181   23
 0.8231   27
 0.8281   19
 0.8331   27
 0.8381   31
 0.8431   38
 0.8481   47
 0.8531   46
 0.8581   46
 0.8631   48
 0.8681   47
 0.8731   62
 0.8781   54
 0.8831   45
 0.8881   54
 0.8931   65
 0.8981   63
 0.9031   61
 0.9081   46
 0.9131   61
 0.9181   57
 0.9231   44
 0.9281   36
 0.9331   42
 0.9381   47
 0.9431   67
 0.9481   83
 0.9531   88
 0.9581  121
 0.9631  162
 0.9681  172
 0.9731  191
 0.9781  263
 0.9831  312
 0.9881  408
 0.9931  463
 0.9981  466
 1.0031  556
 1.0081  557
 1.0131  620
 1.0181  607
 1.0231  630
 1.0281  643
 1.0331  559
 1.0381  547
 1.0431  480
 1.0481  399
 1.0531  384
 1.0581  285
 1.0631  274
 1.0681  204
 1.0731  147
 1.0781  114
 1.0831  101
 1.0881   85
 1.0931   91
 1.0981   56
 1.1031   48
 1.1081   50
 1.1131   36
 1.1181   32
 1.1231   42
 1.1281   26
 1.1331   34
 1.1381   27
 1.1431   29
 1.1481   39
 1.1531   32
 1.1581   35
 1.1631   31
 1.1681   29
 1.1731   26
 1.1781   35
 1.1831   24
 1.1881   39
 1.1931   33
 1.1981   34
 1.2031   38
 1.2081   19
 1.2131   23
 1.2181   27
 1.2231   29
 1.2281   29
 1.2331   31
 1.2381   29
 1.2431   31
 1.2481   24
 1.2531   28
 1.2581   29
 1.2631   28
 1.2681   39
 1.2731   45
 1.2781   23
 1.2831   35
 1.2881   38
 1.2931   32
 1.2981   30
 1.3031   43
 1.3081   42
 1.3131   37
 1.3181   33
 1.3231   34
 1.3281   43
 1.3331   23
 1.3381   33
 1.3431   33
 1.3481   38
 1.3531   36
 1.3581   28
 1.3631   36
 1.3681   29
 1.3731   32
 1.3781   37
 1.3831   34
 1.3881   33
 1.3931   24
 1.3981   40
 1.4031   41
 1.4081   38
 1.4131   33
 1.4181   29
 1.4231   35
 1.4281   36
 1.4331   37
 1.4381   40
 1.4431   41
 1.4481   31
 1.4531   49
 1.4581   42
 1.4631   41
 1.4681   48
 1.4731   43
 1.4781   39
 1.4831   39
 1.4881   39
 1.4931   36
 1.4981   41
 1.5031   46
 1.5081   59
 1.5131   61
 1.5181   59
 1.5231   46
 1.5281   34
 1.5331   38
 1.5381   49
 1.5431   46
 1.5481   39
 1.5531   51
 1.5581   42
 1.5631   44
 1.5681   32
 1.5731   42
 1.5781   42
 1.5831   38
 1.5881   52
 1.5931   45
 1.5981   33
 1.6031   38
 1.6081   41
 1.6131   44
 1.6181   44
 1.6231   31
 1.6281   37
 1.6331   48
 1.6381   39
 1.6431   37
 1.6481   41
 1.6531   43
 1.6581   38
 1.6631   55
 1.6681   48
 1.6731   41
 1.6781   44
 1.6831   53
 1.6881   49
 1.6931   42
 1.6981   51
 1.7031   58
 1.7081   59
 1.7131   60
 1.7181   49
 1.7231   58
 1.7281   52
 1.7331   59
 1.7381   65
 1.7431   64
 1.7481   59
 1.7531   58
 1.7581   64
 1.7631   71
 1.7681   74
 1.7731   63
 1.7781   61
 1.7831   54
 1.7881   52
 1.7931   58
 1.7981   58
 1.8031   50
 1.8081   47
 1.8131   49
 1.8181   55
 1.8231   52
 1.8281   45
 1.8331   45
 1.8381   53
 1.8431   53
 1.8481   53
 1.8531   55
 1.8581   53
 1.8631   49
 1.8681   46
 1.8731   47
 1.8781   47
 1.8831   45
 1.8881   48
 1.8931   54
 1.8981   53
 1.9031   55
 1.9081   55
 1.9131   41
 1.9181   42
 1.9231   46
 1.9281   46
 1.9331   51
 1.9381   56
 1.9431   51
 1.9481   50
 1.9531   51
 1.9581   49
 1.9631   47
 1.9681   51
 1.9731   55
 1.9781   56
 1.9831   47
 1.9881   42
 1.9931   44
 1.9981   48
 2.0031   54
 2.0081   60
 2.0131   60
 2.0181   55
 2.0231   57
 2.0281   55
 2.0331   53
 2.0381   58
 2.0431   59
 2.0481   56
 2.0531   47
 2.0581   51
 2.0631   55
 2.0681   57
 2.0731   57
 2.0781   47
 2.0831   53
 2.0881   53
 2.0931   51
 2.0981   59
 2.1031   52
 2.1081   59
 2.1131   56
 2.1181   47
 2.1231   50
 2.1281   52
 2.1331   59
 2.1381   61
 2.1431   54
 2.1481   55
 2.1531   61
 2.1581   58
 2.1631   55
 2.1681   53
 2.1731   67
 2.1781   73
 2.1831   60
 2.1881   48
 2.1931   56
 2.1981   63
 2.2031   55
 2.2081   57
 2.2131   57
 2.2181   65
 2.2231   56
 2.2281   55
 2.2331   63
 2.2381   55
 2.2431   52
 2.2481   61
 2.2531   64
 2.2581   56
 2.2631   59
 2.2681   63
 2.2731   63
 2.2781   64
 2.2831   56
 2.2881   52
 2.2931   63
 2.2981   62
 2.3031   59
 2.3081   66
 2.3131   72
 2.3181   71
 2.3231   70
 2.3281   73
 2.3331   61
 2.3381   55
 2.3431   72
 2.3481   71
 2.3531   65
 2.3581   61
 2.3631   56
 2.3681   60
 2.3731   67
 2.3781   67
 2.3831   70
 2.3881   68
 2.3931   75
 2.3981   58
 2.4031   52
 2.4081   52
 2.4131   61
 2.4181   67
 2.4231   63
 2.4281   72
 2.4331   70
 2.4381   64
 2.4431   62
 2.4481   56
 2.4531   68
 2.4581   75
 2.4631   73
 2.4681   66
 2.4731   60
 2.4781   61
 2.4831   57
 2.4881   62
 2.4931   60
 2.4981   58
 2.5031   65
 2.5081   74
 2.5131   59
 2.5181   66
 2.5231   52
 2.5281   60
 2.5331   53
 2.5381   63
 2.5431   61
 2.5481   59
 2.5531   60
 2.5581   60
 2.5631   59
 2.5681   69
 2.5731   67
 2.5781   72
 2.5831   71
 2.5881   61
 2.5931   59
 2.5981   56
 2.6031   61
 2.6081   79
 2.6131   76
 2.6181   73
 2.6231   63
 2.6281   73
 2.6331   75
 2.6381   74
 2.6431   53
 2.6481   69
 2.6531   60
 2.6581   72
 2.6631   58
 2.6681   57
 2.6731   73
 2.6781   78
 2.6831   71
 2.6881   67
 2.6931   56
 2.6981   56
 2.7031   68
 2.7081   59
 2.7131   52
 2.7181   63
 2.7231   71
 2.7281   59
 2.7331   59
 2.7381   60
 2.7431   75
 2.7481   78
 2.7531   61
 2.7581   78
 2.7631   65
 2.7681   74
 2.7731   62
 2.7781   64
 2.7831   63
 2.7881   64
 2.7931   52
 2.7981   69
 2.8031   60
 2.8081   66
 2.8131   69
 2.8181   76
 2.8231   58
 2.8281   63
 2.8331   60
 2.8381   89
 2.8431   54
 2.8481   54
 2.8531   50
 2.8581   56
 2.8631   59
 2.8681   62
 2.8731   62
 2.8781   59
 2.8831   57
 2.8881   66
 2.8931   64
 2.8981   53
 2.9031   67
 2.9081   47
 2.9131   69
 2.9181   63
 2.9231   61
 2.9281   62
 2.9331   69
 2.9381   71
 2.9431   70
 2.9481   67
 2.9531   74
 2.9581   68
 2.9631   76
 2.9681   53
 2.9731   70
 2.9781   54
 2.9831   72
 2.9881   55
 2.9931   60
 2.9981   58
 3.0031   62
 3.0081   72
 3.0131   44
 3.0181   62
 3.0231   75
 3.0281   65
 3.0331   65
 3.0381   58
 3.0431   60
 3.0481   72
 3.0531   56
 3.0581   50
 3.0631   68
 3.0681   64
 3.0731   58
 3.0781   71
 3.0831   68
 3.0881   59
 3.0931   64
 3.0981   56
 3.1031   46
 3.1081   67
 3.1131   70
 3.1181   64
 3.1231   64
 3.1281   49
 3.1331   70
 3.1381   73
 3.1431   80
 3.1481   78
 3.1531   72
 3.1581   66
 3.1631   74
 3.1681   47
 3.1731   53
 3.1781   56
 3.1831   57
 3.1881   74
 3.1931   59
 3.1981   71
 3.2031   71
 3.2081   65
 3.2131   72
 3.2181   74
 3.2231   73
 3.2281   64
 3.2331   58
 3.2381   54
 3.2431   58
 3.2481   67
 3.2531   67
 3.2581   58
 3.2631   71
 3.2681   63
 3.2731   61
 3.2781   55
 3.2831   65
 3.2881   73
 3.2931   68
 3.2981   77
 3.3031   80
 3.3081   70
 3.3131   63
 3.3181   77
 3.3231   79
 3.3281   65
 3.3331   68
 3.3381   67
 3.3431   79
 3.3481   77
 3.3531   80
 3.3581   71
 3.3631   70
 3.3681   64
 3.3731   55
 3.3781   65
 3.3831   63
 3.3881   75
 3.3931   64
 3.3981   67
 3.4031   65
 3.4081   82
 3.4131   63
 3.4181   59
 3.4231   57
 3.4281   60
 3.4331   57
 3.4381   59
 3.4431   51
 3.4481   73
 3.4531   56
 3.4581   68
 3.4631   67
 3.4681   74
 3.4731   67
 3.4781   56
 3.4831   62
 3.4881   65
 3.4931   81
 3.4981   77
 3.5031   57
 3.5081   69
 3.5131   58
 3.5181   47
 3.5231   59
 3.5281   67
 3.5331   56
 3.5381   69
 3.5431   66
 3.5481   81
 3.5531   48
 3.5581   63
 3.5631   68
 3.5681   61
 3.5731   58
 3.5781   62
 3.5831   66
 3.5881   60
 3.5931   61
 3.5981   53
 3.6031   66
 3.6081   55
 3.6131   66
 3.6181   74
 3.6231   76
 3.6281   66
 3.6331   57
 3.6381   61
 3.6431   61
 3.6481   62
 3.6531   67
 3.6581   72
 3.6631   68
 3.6681   59
 3.6731   69
 3.6781   72
 3.6831   56
 3.6881   70
 3.6931   47
 3.6981   58
 3.7031   62
 3.7081   51
 3.7131   64
 3.7181   51
 3.7231   59
 3.7281   55
 3.7331   57
 3.7381   63
 3.7431   64
 3.7481   58
 3.7531   52
 3.7581   57
 3.7631   52
 3.7681   69
 3.7731   60
 3.7781   52
 3.7831   62
 3.7881   51
 3.7931   61
 3.7981   61
 3.8031   63
 3.8081   59
 3.8131   55
 3.8181   69
 3.8231   65
 3.8281   53
 3.8331   57
 3.8381   76
 3.8431   59
 3.8481   56
 3.8531   68
 3.8581   58
 3.8631   63
 3.8681   62
 3.8731   58
 3.8781   58
 3.8831   70
 3.8881   63
 3.8931   63
 3.8981   67
 3.9031   58
 3.9081   55
 3.9131   69
 3.9181   58
 3.9231   57
 3.9281   49
 3.9331   51
 3.9381   48
 3.9431   51
 3.9481   61
 3.9531   57
 3.9581   56
 3.9631   63
 3.9681   55
 3.9731   71
 3.9781   65
 3.9831   68
 3.9881   65
 3.9931   59
 3.9981   52
 4.0031   57
 4.0081   54
 4.0131   51
 4.0181   51
 4.0231   61
 4.0281   54
 4.0331   59
 4.0381   60
 4.0431   64
 4.0481   56
 4.0531   54
 4.0581   54
 4.0631   61
 4.0681   60
 4.0731   57
 4.0781   72
 4.0831   61
 4.0881   56
 4.0931   64
 4.0981   54
 4.1031   68
 4.1081   60
 4.1131   56
 4.1181   53
 4.1231   55
 4.1281   57
 4.1331   66
 4.1381   75
 4.1431   55
 4.1481   64
 4.1531   48
 4.1581   54
 4.1631   59
 4.1681   61
 4.1731   46
 4.1781   50
 4.1831   54
 4.1881   46
 4.1931   64
 4.1981   56
 4.2031   54
 4.2081   58
 4.2131   51
 4.2181   59
 4.2231   54
 4.2281   45
 4.2331   64
 4.2381   54
 4.2431   64
 4.2481   64
 4.2531   65
 4.2581   57
 4.2631   56
 4.2681   51
 4.2731   53
 4.2781   51
 4.2831   54
 4.2881   56
 4.2931   50
 4.2981   56
 4.3031   62
 4.3081   59
 4.3131   56
 4.3181   54
 4.3231   59
 4.3281   53
 4.3331   60
 4.3381   55
 4.3431   55
 4.3481   61
 4.3531   64
 4.3581   60
 4.3631   51
 4.3681   52
 4.3731   62
 4.3781   66
 4.3831   63
 4.3881   65
 4.3931   61
 4.3981   52
 4.4031   51
 4.4081   50
 4.4131   55
 4.4181   52
 4.4231   55
 4.4281   61
 4.4331   60
 4.4381   65
 4.4431   59
 4.4481   62
 4.4531   54
 4.4581   52
 4.4631   51
 4.4681   61
 4.4731   62
 4.4781   55
 4.4831   64
 4.4881   66
 4.4931   63
 4.4981   53
 4.5031   56
 4.5081   58
 4.5131   49
 4.5181   55
 4.5231   55
 4.5281   56
 4.5331   55
 4.5381   54
 4.5431   52
 4.5481   58
 4.5531   63
 4.5581   59
 4.5631   60
 4.5681   61
 4.5731   59
 4.5781   58
 4.5831   54
 4.5881   60
 4.5931   58
 4.5981   63
 4.6031   69
 4.6081   56
 4.6131   53
 4.6181   54
 4.6231   54
 4.6281   53
 4.6331   55
 4.6381   58
 4.6431   51
 4.6481   50
 4.6531   56
 4.6581   52
 4.6631   49
 4.6681   57
 4.6731   60
 4.6781   52
 4.6831   45
 4.6881   52
 4.6931   58
 4.6981   46
 4.7031   42
 4.7081   50
 4.7131   66
 4.7181   59
 4.7231   52
 4.7281   52
 4.7331   49
 4.7381   49
 4.7431   51
 4.7481   53
 4.7531   54
 4.7581   54
 4.7631   54
 4.7681   47
 4.7731   43
 4.7781   48
 4.7831   51
 4.7881   50
 4.7931   53
 4.7981   55
 4.8031   53
 4.8081   46
 4.8131   41
 4.8181   49
 4.8231   55
 4.8281   52
 4.8331   48
 4.8381   51
 4.8431   60
 4.8481   61
 4.8531   57
 4.8581   53
 4.8631   50
 4.8681   50
 4.8731   52
 4.8781   53
 4.8831   56
 4.8881   52
 4.8931   48
 4.8981   59
 4.9031   59
 4.9081   52
 4.9131   51
 4.9181   52
 4.9231   53
 4.9281   55
 4.9331   54
 4.9381   45
 4.9431   45
 4.9481   45
 4.9531   40
 4.9581   41
 4.9631   38
 4.9681   43
 4.9731   46
 4.9781   45
 4.9831   47
 4.9881   39
 4.9931   43
 4.9981   51
 5.0031   49
 5.0081   54
 5.0131   50
 5.0181   40
 5.0231   42
 5.0281   47
 5.0331   49
 5.0381   48
 5.0431   45
 5.0481   43
 5.0531   47
 5.0581   50
 5.0631   53
 5.0681   51
 5.0731   46
 5.0781   51
 5.0831   58
 5.0881   49
 5.0931   40
 5.0981   39
 5.1031   46
 5.1081   50
 5.1131   46
 5.1181   44
 5.1231   45
 5.1281   47
 5.1331   49
 5.1381   49
 5.1431   48
 5.1481   53
 5.1531   48
 5.1581   43
 5.1631   49
 5.1681   46
 5.1731   49
 5.1781   54
 5.1831   41
 5.1881   46
 5.1931   45
 5.1981   43
 5.2031   51
 5.2081   53
 5.2131   51
 5.2181   52
 5.2231   52
 5.2281   55
 5.2331   55
 5.2381   59
 5.2431   45
 5.2481   54
 5.2531   43
 5.2581   44
 5.2631   41
 5.2681   43
 5.2731   41
 5.2781   45
 5.2831   47
 5.2881   49
 5.2931   56
 5.2981   60
 5.3031   64
 5.3081   58
 5.3131   60
 5.3181   47
 5.3231   48
 5.3281   41
 5.3331   53
 5.3381   59
 5.3431   46
 5.3481   55
 5.3531   51
 5.3581   50
 5.3631   47
 5.3681   48
 5.3731   51
 5.3781   56
 5.3831   58
 5.3881   57
 5.3931   52
 5.3981   57
 5.4031   47
 5.4081   43
 5.4131   56
 5.4181   51
 5.4231   52
 5.4281   49
 5.4331   45
 5.4381   44
 5.4431   50
 5.4481   56
 5.4531   48
 5.4581   37
 5.4631   43
 5.4681   42
 5.4731   35
 5.4781   35
 5.4831   45
 5.4881   49
 5.4931   43
 5.4981   45
 5.5031   46
 5.5081   45
 5.5131   57
 5.5181   49
 5.5231   40
 5.5281   46
 5.5331   49
 5.5381   43
 5.5431   50
 5.5481   42
 5.5531   56
 5.5581   55
 5.5631   45
 5.5681   39
 5.5731   53
 5.5781   48
 5.5831   47
 5.5881   46
 5.5931   39
 5.5981   38
 5.6031   51
 5.6081   40
 5.6131   37
 5.6181   53
 5.6231   46
 5.6281   44
 5.6331   39
 5.6381   38
 5.6431   38
 5.6481   39
 5.6531   41
 5.6581   44
 5.6631   49
 5.6681   45
 5.6731   43
 5.6781   38
 5.6831   41
 5.6881   34
 5.6931   45
 5.6981   54
 5.7031   38
 5.7081   42
 5.7131   49
 5.7181   57
 5.7231   48
 5.7281   41
 5.7331   58
 5.7381   55
 5.7431   36
 5.7481   37
 5.7531   27
 5.7581   34
 5.7631   40
 5.7681   42
 5.7731   51
 5.7781   45
 5.7831   41
 5.7881   50
 5.7931   49
 5.7981   50
 5.8031   42
 5.8081   52
 5.8131   43
 5.8181   42
 5.8231   57
 5.8281   47
 5.8331   59
 5.8381   52
 5.8431   52
 5.8481   59
 5.8531   48
 5.8581   69
 5.8631   34
 5.8681   68
 5.8731   59
 5.8781   56
 5.8831   64
 5.8881   55
 5.8931   60
 5.8981   42
 5.9031   72
 5.9081   58
 5.9131   52
 5.9181   62
 5.9231   55
 5.9281   49
 5.9331   55
 5.9381   68
 5.9431   65
 5.9481   59
 5.9531   44
 5.9581   24
 5.9631   42
 5.9681   51
 5.9731   53
 5.9781   47
 5.9831   66
 5.9881   51
 5.9931   49
 5.9981   54
 6.0031   56
 6.0081   39
 6.0131   49
 6.0181   39
 6.0231   47
 6.0281   49
 6.0331   53
 6.0381   49
 6.0431   46
 6.0481   36
 6.0531   36
 6.0581   48
 6.0631   51
 6.0681   39
 6.0731   34
 6.0781   47
 6.0831   45
 6.0881   47
 6.0931   41
 6.0981   39
 6.1031   46
 6.1081   36
 6.1131   45
 6.1181   41
 6.1231   58
 6.1281   52
 6.1331   58
 6.1381   44
 6.1431   45
 6.1481   45
 6.1531   33
 6.1581   34
 6.1631   53
 6.1681   44
 6.1731   50
 6.1781   61
 6.1831   48
 6.1881   40
 6.1931   49
 6.1981   51
 6.2031   43
 6.2081   54
 6.2131   64
 6.2181   67
 6.2231   75
 6.2281   89
 6.2331   81
 6.2381   77
 6.2431  121
 6.2481  121
 6.2531  151
 6.2581  161
 6.2631  219
 6.2681  272
 6.2731  298
 6.2781  360
 6.2831  405
 6.2881  437
 6.2931  545
 6.2981  640
 6.3031  734
 6.3081  854
 6.3131 1011
 6.3181 1128
 6.3231 1309
 6.3281 1432
 6.3331 1605
 6.3381 1759
 6.3431 2011
 6.3481 2143
 6.3531 2316
 6.3581 2541
 6.3631 2770
 6.3681 2796
 6.3731 2797
 6.3781 3041
 6.3831 3105
 6.3881 3176
 6.3931 3311
 6.3981 3208
 6.4031 3418
 6.4081 3291
 6.4131 3236
 6.4181 3023
 6.4231 2984
 6.4281 2987
 6.4331 2810
 6.4381 2684
 6.4431 2402
 6.4481 2366
 6.4531 2111
 6.4581 1961
 6.4631 1786
 6.4681 1654
 6.4731 1502
 6.4781 1321
 6.4831 1164
 6.4881  997
 6.4931  895
 6.4981  824
 6.5031  696
 6.5081  602
 6.5131  462
 6.5181  412
 6.5231  360
 6.5281  293
 6.5331  230
 6.5381  198
 6.5431  175
 6.5481  148
 6.5531  111
 6.5581   90
 6.5631   90
 6.5681   99
 6.5731   74
 6.5781   76
 6.5831   64
 6.5881   63
 6.5931   62
 6.5981   43
 6.6031   32
 6.6081   55
 6.6131   37
 6.6181   38
 6.6231   39
 6.6281   47
 6.6331   39
 6.6381   34
 6.6431   40
 6.6481   49
 6.6531   52
 6.6581   32
 6.6631   36
 6.6681   37
 6.6731   45
 6.6781   44
 6.6831   34
 6.6881   53
 6.6931   34
 6.6981   36
 6.7031   32
 6.7081   45
 6.7131   48
 6.7181   37
 6.7231   35
 6.7281   38
 6.7331   49
 6.7381   44
 6.7431   38
 6.7481   39
 6.7531   29
 6.7581   33
 6.7631   39
 6.7681   40
 6.7731   51
 6.7781   40
 6.7831   51
 6.7881   38
 6.7931   43
 6.7981   59
 6.8031   54
 6.8081   49
 6.8131   48
 6.8181   51
 6.8231   47
 6.8281   36
 6.8331   38
 6.8381   48
 6.8431   44
 6.8481   44
 6.8531   49
 6.8581   43
 6.8631   49
 6.8681   45
 6.8731   53
 6.8781   44
 6.8831   47
 6.8881   75
 6.8931   49
 6.8981   57
 6.9031   46
 6.9081   69
 6.9131   84
 6.9181   68
 6.9231   84
 6.9281   93
 6.9331   95
 6.9381  100
 6.9431  118
 6.9481  140
 6.9531  146
 6.9581  168
 6.9631  173
 6.9681  188
 6.9731  199
 6.9781  231
 6.9831  209
 6.9881  274
 6.9931  272
 6.9981  287
 7.0031  310
 7.0081  349
 7.0131  411
 7.0181  420
 7.0231  417
 7.0281  448
 7.0331  400
 7.0381  419
 7.0431  449
 7.0481  445
 7.0531  452
 7.0581  437
 7.0631  437
 7.0681  448
 7.0731  400
 7.0781  443
 7.0831  428
 7.0881  395
 7.0931  404
 7.0981  340
 7.1031  323
 7.1081  315
 7.1131  282
 7.1181  272
 7.1231  266
 7.1281  220
 7.1331  227
 7.1381  202
 7.1431  168
 7.1481  148
 7.1531  116
 7.1581  132
 7.1631  112
 7.1681  107
 7.1731   91
 7.1781   76
 7.1831   59
 7.1881   82
 7.1931   63
 7.1981   53
 7.2031   43
 7.2081   34
 7.2131   35
 7.2181   31
 7.2231   31
 7.2281   29
 7.2331   34
 7.2381   27
 7.2431   35
 7.2481   29
 7.2531   21
 7.2581   21
 7.2631   28
 7.2681   36
 7.2731   22
 7.2781   26
 7.2831   35
 7.2881   25
 7.2931   21
 7.2981   23
 7.3031   30
 7.3081   20
 7.3131   33
 7.3181   24
 7.3231   26
 7.3281   25
 7.3331   27
 7.3381   30
 7.3431   21
 7.3481   21
 7.3531   28
 7.3581   25
 7.3631   28
 7.3681   30
 7.3731   31
 7.3781   19
 7.3831   30
 7.3881   30
 7.3931   35
 7.3981   32
 7.4031   26
 7.4081   30
 7.4131   38
 7.4181   41
 7.4231   21
 7.4281   26
 7.4331   35
 7.4381   33
 7.4431   32
 7.4481   43
 7.4531   32
 7.4581   39
 7.4631   43
 7.4681   31
 7.4731   34
 7.4781   39
 7.4831   46
 7.4881   43
 7.4931   32
 7.4981   28
 7.5031   45
 7.5081   28
 7.5131   33
 7.5181   34
 7.5231   26
 7.5281   36
 7.5331   34
 7.5381   30
 7.5431   31
 7.5481   39
 7.5531   32
 7.5581   32
 7.5631   30
 7.5681   32
 7.5731   32
 7.5781   27
 7.5831   24
 7.5881   29
 7.5931   22
 7.5981   34
 7.6031   18
 7.6081   30
 7.6131   23
 7.6181   26
 7.6231   27
 7.6281   26
 7.6331   20
 7.6381   30
 7.6431   15
 7.6481   34
 7.6531   29
 7.6581   20
 7.6631   28
 7.6681   37
 7.6731   33
 7.6781   24
 7.6831   22
 7.6881   28
 7.6931   31
 7.6981   23
 7.7031   22
 7.7081   22
 7.7131   21
 7.7181   27
 7.7231   30
 7.7281   23
 7.7331   20
 7.7381   25
 7.7431   19
 7.7481   23
 7.7531   24
 7.7581   28
 7.7631   28
 7.7681   26
 7.7731   22
 7.7781   26
 7.7831   21
 7.7881   28
 7.7931   24
 7.7981   25
 7.8031   16
 7.8081   21
 7.8131   24
 7.8181   20
 7.8231   27
 7.8281   29
 7.8331   29
 7.8381   21
 7.8431   23
 7.8481   19
 7.8531   28
 7.8581   21
 7.8631   28
 7.8681   17
 7.8731   26
 7.8781   30
 7.8831   23
 7.8881   22
 7.8931   18
 7.8981   29
 7.9031   20
 7.9081   32
 7.9131   24
 7.9181   22
 7.9231   27
 7.9281   25
 7.9331   34
 7.9381   20
 7.9431   26
 7.9481   33
 7.9531   40
 7.9581   30
 7.9631   28
 7.9681   24
 7.9731   30
 7.9781   38
 7.9831   30
 7.9881   28
 7.9931   34
 7.9981   25
 8.0031   41
 8.0081   14
 8.0131   29
 8.0181   22
 8.0231   28
 8.0281   27
 8.0331   25
 8.0381   22
 8.0431   30
 8.0481   23
 8.0531   32
 8.0581   29
 8.0631   29
 8.0681   38
 8.0731   31
 8.0781   23
 8.0831   31
 8.0881   32
 8.0931   34
 8.0981   28
 8.1031   24
 8.1081   26
 8.1131   36
 8.1181   24
 8.1231   30
 8.1281   17
 8.1331   20
 8.1381   30
 8.1431   12
 8.1481   23
 8.1531   25
 8.1581   25
 8.1631   25
 8.1681   21
 8.1731   19
 8.1781   27
 8.1831   24
 8.1881   19
 8.1931   20
 8.1981   22
 8.2031   21
 8.2081   22
 8.2131   18
 8.2181   31
 8.2231   29
 8.2281   24
 8.2331   31
 8.2381   22
 8.2431   21
 8.2481   30
 8.2531   26
 8.2581   21
 8.2631   21
 8.2681   34
 8.2731   35
 8.2781   29
 8.2831   34
 8.2881   29
 8.2931   27
 8.2981   19
 8.3031   29
 8.3081   32
 8.3131   30
 8.3181   26
 8.3231   28
 8.3281   24
 8.3331   31
 8.3381   31
 8.3431   29
 8.3481   29
 8.3531   21
 8.3581   32
 8.3631   35
 8.3681   30
 8.3731   25
 8.3781   24
 8.3831   22
 8.3881   20
 8.3931   24
 8.3981   17
 8.4031   20
 8.4081   25
 8.4131   34
 8.4181   30
 8.4231   30
 8.4281   19
 8.4331   35
 8.4381   39
 8.4431   23
 8.4481   44
 8.4531   45
 8.4581   38
 8.4631   49
 8.4681   55
 8.4731   72
 8.4781   54
 8.4831   99
 8.4881   71
 8.4931   93
 8.4981  127
 8.5031  112
 8.5081  134
 8.5131  150
 8.5181  171
 8.5231  176
 8.5281  226
 8.5331  263
 8.5381  280
 8.5431  278
 8.5481  324
 8.5531  348
 8.5581  367
 8.5631  367
 8.5681  431
 8.5731  464
 8.5781  464
 8.5831  517
 8.5881  546
 8.5931  531
 8.5981  627
 8.6031  585
 8.6081  589
 8.6131  655
 8.6181  630
 8.6231  698
 8.6281  705
 8.6331  662
 8.6381  649
 8.6431  657
 8.6481  657
 8.6531  617
 8.6581  609
 8.6631  553
 8.6681  524
 8.6731  536
 8.6781  518
 8.6831  448
 8.6881  417
 8.6931  390
 8.6981  395
 8.7031  365
 8.7081  296
 8.7131  290
 8.7181  256
 8.7231  248
 8.7281  222
 8.7331  209
 8.7381  159
 8.7431  172
 8.7481  129
 8.7531  104
 8.7581  108
 8.7631   77
 8.7681   76
 8.7731   70
 8.7781   74
 8.7831   64
 8.7881   61
 8.7931   54
 8.7981   69
 8.8031   46
 8.8081   38
 8.8131   29
 8.8181   30
 8.8231   29
 8.8281   24
 8.8331   33
 8.8381   37
 8.8431   21
 8.8481   31
 8.8531   20
 8.8581   33
 8.8631   26
 8.8681   12
 8.8731   26
 8.8781   23
 8.8831   16
 8.8881   37
 8.8931   26
 8.8981   23
 8.9031   23
 8.9081   26
 8.9131   20
 8.9181   24
 8.9231   21
 8.9281   25
 8.9331   22
 8.9381   30
 8.9431   20
 8.9481   23
 8.9531   21
 8.9581   16
 8.9631   26
 8.9681   26
 8.9731   19
 8.9781   22
 8.9831   23
 8.9881   21
 8.9931   28
 8.9981   33
 9.0031   17
 9.0081   20
 9.0131   25
 9.0181   24
 9.0231   14
 9.0281   26
 9.0331   25
 9.0381   17
 9.0431   23
 9.0481   29
 9.0531   18
 9.0581   26
 9.0631   26
 9.0681   22
 9.0731   17
 9.0781   31
 9.0831   19
 9.0881   19
 9.0931   20
 9.0981   30
 9.1031   15
 9.1081   26
 9.1131   21
 9.1181   26
 9.1231   25
 9.1281   20
 9.1331   15
 9.1381   19
 9.1431   24
 9.1481   15
 9.1531   14
 9.1581    8
 9.1631   16
 9.1681   20
 9.1731   18
 9.1781   24
 9.1831   25
 9.1881   21
 9.1931   24
 9.1981   29
 9.2031   23
 9.2081   18
 9.2131   24
 9.2181   27
 9.2231   26
 9.2281   15
 9.2331   23
 9.2381   29
 9.2431   16
 9.2481   26
 9.2531   21
 9.2581   36
 9.2631   24
 9.2681   22
 9.2731   20
 9.2781   24
 9.2831   23
 9.2881   25
 9.2931   28
 9.2981   22
 9.3031   17
 9.3081   21
 9.3131   30
 9.3181   20
 9.3231   13
 9.3281   19
 9.3331   29
 9.3381   29
 9.3431   25
 9.3481   22
 9.3531   20
 9.3581   27
 9.3631   26
 9.3681   24
 9.3731   22
 9.3781   16
 9.3831   23
 9.3881   20
 9.3931   30
 9.3981   19
 9.4031   27
 9.4081   31
 9.4131   39
 9.4181   28
 9.4231   28
 9.4281   29
 9.4331   43
 9.4381   39
 9.4431   42
 9.4481   38
 9.4531   48
 9.4581   44
 9.4631   50
 9.4681   66
 9.4731   45
 9.4781   68
 9.4831   60
 9.4881   66
 9.4931   62
 9.4981   66
 9.5031   67
 9.5081   81
 9.5131   79
 9.5181   89
 9.5231   84
 9.5281   83
 9.5331   96
 9.5381  104
 9.5431   93
 9.5481  107
 9.5531  117
 9.5581   97
 9.5631  122
 9.5681   90
 9.5731  123
 9.5781  102
 9.5831  112
 9.5881  101
 9.5931   91
 9.5981  104
 9.6031   86
 9.6081   98
 9.6131   75
 9.6181   79
 9.6231   85
 9.6281   80
 9.6331   78
 9.6381   70
 9.6431   63
 9.6481   50
 9.6531   52
 9.6581   53
 9.6631   48
 9.6681   56
 9.6731   45
 9.6781   42
 9.6831   46
 9.6881   32
 9.6931   31
 9.6981   31
 9.7031   25
 9.7081   29
 9.7131   39
 9.7181   27
 9.7231   31
 9.7281   22
 9.7331   20
 9.7381   29
 9.7431   26
 9.7481   22
 9.7531   18
 9.7581   21
 9.7631   25
 9.7681   25
 9.7731   26
 9.7781   20
 9.7831   15
 9.7881   17
 9.7931   20
 9.7981   25
 9.8031   15
 9.8081   18
 9.8131   17
 9.8181   17
 9.8231   27
 9.8281   19
 9.8331   23
 9.8381   22
 9.8431   25
 9.8481   15
 9.8531   30
 9.8581   14
 9.8631   18
 9.8681   21
 9.8731   17
 9.8781   16
 9.8831   19
 9.8881    9
 9.8931   27
 9.8981   16
 9.9031   19
 9.9081   16
 9.9131   11
 9.9181   20
 9.9231   21
 9.9281   17
 9.9331   16
 9.9381   18
 9.9431   20
 9.9481   13
 9.9531   23
 9.9581   16
 9.9631   20
 9.9681   21
 9.9731   15
 9.9781   18
 9.9831   17
 9.9881   23
 9.9931   18
 9.9981   12
10.0031   14
10.0081   17
10.0131   12
10.0181   19
10.0231   13
10.0281   20
10.0331   22
10.0381   20
10.0431   17
10.0481   14
10.0531   14
10.0581   21
10.0631   13
10.0681   14
10.0731   20
10.0781   16
10.0831   15
10.0881   24
10.0931   20
10.0981   20
10.1031   12
10.1081   21
10.1131   14
10.1181   19
10.1231   17
10.1281   19
10.1331   18
10.1381   17
10.1431   15
10.1481   24
10.1531   13
10.1581   22
10.1631   17
10.1681   22
10.1731   15
10.1781   18
10.1831   17
10.1881    8
10.1931   19
10.1981   17
10.2031   15
10.2081   13
10.2131   25
10.2181   17
10.2231   22
10.2281   21
10.2331   14
10.2381   14
10.2431   18
10.2481   21
10.2531   20
10.2581   16
10.2631   15
10.2681   20
10.2731   12
10.2781   18
10.2831   27
10.2881   18
10.2931   15
10.2981   23
10.3031   21
10.3081   13
10.3131   19
10.3181   15
10.3231   14
10.3281   16
10.3331   19
10.3381   22
10.3431   12
10.3481   12
10.3531   21
10.3581   26
10.3631   17
10.3681   18
10.3731   15
10.3781   19
10.3831   11
10.3881   22
10.3931   19
10.3981   17
10.4031   14
10.4081   22
10.4131   20
10.4181   17
10.4231   14
10.4281   14
10.4331   16
10.4381   17
10.4431   17
10.4481   17
10.4531   11
10.4581   11
10.4631   21
10.4681   19
10.4731   24
10.4781   15
10.4831   13
10.4881   16
10.4931   13
10.4981   15
10.5031   17
10.5081   19
10.5131   18
10.5181   13
10.5231   19
10.5281   14
10.5331   19
10.5381   18
10.5431   19
10.5481   14
10.5531   20
10.5581   10
10.5631   18
10.5681   23
10.5731   15
10.5781   17
10.5831   13
10.5881   14
10.5931   15
10.5981   10
10.6031   17
10.6081   10
10.6131   18
10.6181   19
10.6231   22
10.6281   21
10.6331   16
10.6381   18
10.6431   21
10.6481   16
10.6531   15
10.6581   15
10.6631   25
10.6681   12
10.6731   12
10.6781   14
10.6831   18
10.6881    9
10.6931   19
10.6981   22
10.7031   24
10.7081   17
10.7131   13
10.7181   12
10.7231    9
10.7281   14
10.7331   11
10.7381   11
10.7431   14
10.7481   20
10.7531   17
10.7581   18
10.7631   10
10.7681   11
10.7731   17
10.7781   23
10.7831   19
10.7881   13
10.7931   19
10.7981   15
10.8031   21
10.8081   15
10.8131   24
10.8181   16
10.8231   11
10.8281    9
10.8331   12
10.8381   22
10.8431   13
10.8481   21
10.8531   18
10.8581   13
10.8631   15
10.8681   18
10.8731   18
10.8781   25
10.8831   19
10.8881    9
10.8931   18
10.8981   11
10.9031   13
10.9081   13
10.9131   20
10.9181   16
10.9231   26
10.9281   21
10.9331   14
10.9381   11
10.9431   17
10.9481   17
10.9531   11
10.9581   18
10.9631   14
10.9681   16
10.9731   24
10.9781    9
10.9831   13
10.9881   12
10.9931   12
10.9981    7
11.0031   15
11.0081    9
11.0131   16
11.0181   19
11.0231   16
11.0281   13
11.0331   12
11.0381   17
11.0431   16
11.0481   10
11.0531   15
11.0581   19
11.0631   12
11.0681   15
11.0731   17
11.0781   19
11.0831   16
11.0881   16
11.0931   26
11.0981   19
11.1031   10
11.1081   12
11.1131   18
11.1181   14
11.1231   19
11.1281   24
11.1331   17
11.1381   14
11.1431   14
11.1481   14
11.1531   25
11.1581   24
11.1631   19
11.1681   20
11.1731   20
11.1781   14
11.1831   16
11.1881   12
11.1931    9
11.1981   12
11.2031   16
11.2081   16
11.2131   15
11.2181   11
11.2231   13
11.2281   21
11.2331   10
11.2381   10
11.2431   10
11.2481   19
11.2531   12
11.2581   17
11.2631   15
11.2681   23
11.2731   18
11.2781   17
11.2831   18
11.2881   13
11.2931   11
11.2981    5
11.3031   17
11.3081   12
11.3131   16
11.3181   14
11.3231   14
11.3281   17
11.3331    5
11.3381   22
11.3431   15
11.3481   14
11.3531   13
11.3581   10
11.3631   14
11.3681   20
11.3731   13
11.3781   23
11.3831   24
11.3881   20
11.3931   18
11.3981   21
11.4031   22
11.4081   15
11.4131   16
11.4181   10
11.4231   13
11.4281   19
11.4331    7
11.4381   16
11.4431   17
11.4481   13
11.4531   16
11.4581   15
11.4631   13
11.4681   13
11.4731   16
11.4781   15
11.4831   10
11.4881   16
11.4931   18
11.4981   14
11.5031   12
11.5081   19
11.5131   14
11.5181    9
11.5231   16
11.5281   14
11.5331   17
11.5381   15
11.5431   11
11.5481    6
11.5531   12
11.5581   10
11.5631    9
11.5681   19
11.5731   22
11.5781   10
11.5831   15
11.5881   17
11.5931   17
11.5981   10
11.6031   12
11.6081   14
11.6131   18
11.6181   15
11.6231   18
11.6281   15
11.6331   21
11.6381   12
11.6431   14
11.6481   14
11.6531   16
11.6581    9
11.6631   19
11.6681    7
11.6731   14
11.6781   14
11.6831    9
11.6881   16
11.6931   12
11.6981   27
11.7031   15
11.7081   22
11.7131   12
11.7181   12
11.7231   17
11.7281   14
11.7331   20
11.7381   12
11.7431   19
11.7481   11
11.7531   10
11.7581   10
11.7631   13
11.7681   14
11.7731   18
11.7781   24
11.7831   11
11.7881   14
11.7931   13
11.7981   12
11.8031   10
11.8081   12
11.8131   17
11.8181   11
11.8231   15
11.8281   16
11.8331   16
11.8381   14
11.8431   15
11.8481   15
11.8531    6
11.8581   15
11.8631   10
11.8681   17
11.8731    8
11.8781   13
11.8831   20
11.8881   11
11.8931   20
11.8981   13
11.9031   11
11.9081   10
11.9131   18
11.9181   23
11.9231   17
11.9281   15
11.9331   26
11.9381   14
11.9431   21
11.9481   16
11.9531   14
11.9581    8
11.9631   13
11.9681   21
11.9731   11
11.9781   23
11.9831   14
11.9881   11
11.9931    8
11.9981   16
12.0031    8
12.0081    9
12.0131   19
12.0181   18
12.0231   12
12.0281   13
12.0331   15
12.0381   15
12.0431   12
12.0481   11
12.0531   22
12.0581    9
12.0631   14
12.0681    9
12.0731   18
12.0781   14
12.0831   19
12.0881   11
12.0931    7
12.0981   19
12.1031   19
12.1081   14
12.1131   12
12.1181   10
12.1231   13
12.1281    7
12.1331   15
12.1381   12
12.1431   14
12.1481   11
12.1531    5
12.1581   24
12.1631    9
12.1681   14
12.1731   16
12.1781    9
12.1831   11
12.1881   12
12.1931   14
12.1981    6
12.2031   16
12.2081   14
12.2131   18
12.2181   11
12.2231   18
12.2281   15
12.2331   15
12.2381   17
12.2431   17
12.2481   11
12.2531   10
12.2581   10
12.2631   17
12.2681   10
12.2731   10
12.2781    8
12.2831   13
12.2881   20
12.2931   12
12.2981    8
12.3031   14
12.3081   10
12.3131   13
12.3181   14
12.3231   19
12.3281   13
12.3331   11
12.3381   10
12.3431   15
12.3481   16
12.3531    9
12.3581    8
12.3631    8
12.3681   17
12.3731   19
12.3781   13
12.3831   12
12.3881    8
12.3931   13
12.3981   18
12.4031   14
12.4081   17
12.4131   13
12.4181   12
12.4231   12
12.4281   14
12.4331   16
12.4381   12
12.4431   11
12.4481   16
12.4531   12
12.4581   12
12.4631   16
12.4681   10
12.4731   12
12.4781   13
12.4831   13
12.4881   16
12.4931   10
12.4981   19
12.5031   12
12.5081   17
12.5131    9
12.5181    6
12.5231   19
12.5281   10
12.5331   11
12.5381   10
12.5431    9
12.5481   12
12.5531   17
12.5581   10
12.5631   13
12.5681   10
12.5731   12
12.5781   11
12.5831   13
12.5881    9
12.5931   14
12.5981   14
12.6031   12
12.6081   16
12.6131   14
12.6181   17
12.6231   14
12.6281   13
12.6331    9
12.6381   18
12.6431   13
12.6481   13
12.6531   11
12.6581   10
12.6631   18
12.6681   15
12.6731    7
12.6781   13
12.6831    8
12.6881   12
12.6931    9
12.6981   18
12.7031   12
12.7081   15
12.7131   11
12.7181   13
12.7231    9
12.7281   13
12.7331    8
12.7381   10
12.7431   17
12.7481   13
12.7531   12
12.7581   15
12.7631   14
12.7681    9
12.7731    7
12.7781   14
12.7831   17
12.7881   18
12.7931   15
12.7981   12
12.8031   20
12.8081   15
12.8131   16
12.8181   11
12.8231   13
12.8281   13
12.8331   13
12.8381   15
12.8431   16
12.8481   18
12.8531   16
12.8581   16
12.8631   10
12.8681   14
12.8731   21
12.8781   13
12.8831   14
12.8881    9
12.8931   16
12.8981   14
12.9031   16
12.9081   16
12.9131    9
12.9181   12
12.9231   11
12.9281   10
12.9331    8
12.9381   11
12.9431   15
12.9481   10
12.9531    7
12.9581   20
12.9631   12
12.9681    8
12.9731    9
12.9781   10
12.9831   13
12.9881    5
12.9931   13
12.9981   16
13.0031    9
13.0081    9
13.0131    9
13.0181   11
13.0231   12
13.0281   18
13.0331    7
13.0381   14
13.0431   11
13.0481   10
13.0531   12
13.0581   13
13.0631    8
13.0681   12
13.0731   11
13.0781   15
13.0831    6
13.0881   12
13.0931   10
13.0981   10
13.1031   10
13.1081   14
13.1131    8
13.1181   17
13.1231    6
13.1281   13
13.1331    5
13.1381   16
13.1431   14
13.1481    9
13.1531    9
13.1581    9
13.1631    9
13.1681   12
13.1731   14
13.1781   20
13.1831   17
13.1881   16
13.1931    7
13.1981   13
13.2031   10
13.2081    6
13.2131    7
13.2181   10
13.2231   12
13.2281   16
13.2331    9
13.2381    9
13.2431   12
13.2481   12
13.2531   11
13.2581   15
13.2631   21
13.2681    9
13.2731    6
13.2781    9
13.2831    6
13.2881   10
13.2931   17
13.2981   13
13.3031   15
13.3081   10
13.3131   11
13.3181   11
13.3231    7
13.3281   17
13.3331   10
13.3381    5
13.3431    7
13.3481   13
13.3531   14
13.3581   10
13.3631   10
13.3681   13
13.3731   10
13.3781    6
13.3831   10
13.3881    9
13.3931    9
13.3981    7
13.4031   10
13.4081   13
13.4131   14
13.4181   11
13.4231   12
13.4281   11
13.4331   14
13.4381   10
13.4431    8
13.4481   10
13.4531   12
13.4581   11
13.4631   13
13.4681   10
13.4731    9
13.4781   12
13.4831    9
13.4881   12
13.4931   12
13.4981   16
13.5031   11
13.5081   10
13.5131   12
13.5181   11
13.5231   10
13.5281    9
13.5331    9
13.5381   11
13.5431   16
13.5481   12
13.5531    7
13.5581   19
13.5631   12
13.5681    9
13.5731   11
13.5781   14
13.5831   14
13.5881    6
13.5931   10
13.5981   13
13.6031   17
13.6081   13
13.6131    6
13.6181    7
13.6231   15
13.6281   10
13.6331   11
13.6381   10
13.6431    7
13.6481    8
13.6531   12
13.6581   10
13.6631    5
13.6681    5
13.6731    9
13.6781   10
13.6831   10
13.6881   12
13.6931   13
13.6981   11
13.7031    7
13.7081    6
13.7131    6
13.7181    9
13.7231   17
13.7281   11
13.7331   12
13.7381    8
13.7431    4
13.7481    7
13.7531    9
13.7581    9
13.7631   13
13.7681   13
13.7731   12
13.7781    4
13.7831    6
13.7881    9
13.7931    9
13.7981   15
13.8031   11
13.8081   13
13.8131    8
13.8181   11
13.8231    7
13.8281    8
13.8331    8
13.8381    6
13.8431   10
13.8481   13
13.8531    8
13.8581    9
13.8631    6
13.8681    5
13.8731   11
13.8781    8
13.8831   13
13.8881    8
13.8931    9
13.8981   11
13.9031   19
13.9081   10
13.9131   12
13.9181   10
13.9231   10
13.9281    9
13.9331   13
13.9381    5
13.9431   13
13.9481   13
13.9531   12
13.9581   11
13.9631   11
13.9681    8
13.9731    8
13.9781    6
13.9831   12
13.9881   14
13.9931    6
13.9981    4
14.0031   15
14.0081   14
14.0131    4
14.0181    5
14.0231   13
14.0281   10
14.0331    9
14.0381   11
14.0431   10
14.0481    3
14.0531    9
14.0581    8
14.0631   13
14.0681    5
14.0731   11
14.0781   12
14.0831    7
14.0881   12
14.0931    6
14.0981   10
14.1031    7
14.1081   12
14.1131   11
14.1181    9
14.1231   11
14.1281    4
14.1331    8
14.1381   12
14.1431    8
14.1481   11
14.1531    9
14.1581    9
14.1631    9
14.1681   14
14.1731    9
14.1781    9
14.1831   10
14.1881    7
14.1931   13
14.1981   10
14.2031   10
14.2081    7
14.2131    9
14.2181    9
14.2231    7
14.2281    7
14.2331    9
14.2381    5
14.2431    5
14.2481    8
14.2531   10
14.2581   11
14.2631   12
14.2681    5
14.2731   11
14.2781    4
14.2831    6
14.2881   11
14.2931   13
14.2981   13
14.3031    7
14.3081   11
14.3131    6
14.3181    9
14.3231   13
14.3281    7
14.3331   16
14.3381    8
14.3431   10
14.3481    7
14.3531    9
14.3581   10
14.3631   10
14.3681   11
14.3731    5
14.3781    8
14.3831    5
14.3881    9
14.3931   10
14.3981   11
14.4031    8
14.4081    8
14.4131    3
14.4181   10
14.4231    2
14.4281    8
14.4331   10
14.4381   10
14.4431   12
14.4481    8
14.4531    8
14.4581    8
14.4631    9
14.4681   11
14.4731    9
14.4781    5
14.4831    9
14.4881    9
14.4931   11
14.4981    9
14.5031   10
14.5081    8
14.5131    8
14.5181    4
14.5231    6
14.5281   10
14.5331    7
14.5381   10
14.5431    6
14.5481    8
14.5531    8
14.5581    4
14.5631   11
14.5681    3
14.5731   11
14.5781    7
14.5831   11
14.5881   11
14.5931    9
14.5981    8
14.6031    6
14.6081    4
14.6131    9
14.6181    7
14.6231   10
14.6281   11
14.6331   12
14.6381   12
14.6431    5
14.6481   11
14.6531    7
14.6581    6
14.6631    9
14.6681    4
14.6731    9
14.6781    7
14.6831    3
14.6881    8
14.6931    8
14.6981    2
14.7031    3
14.7081   11
14.7131    7
14.7181    8
14.7231    5
14.7281    5
14.7331    9
14.7381    8
14.7431    5
14.7481    8
14.7531    8
14.7581    8
14.7631   11
14.7681   10
14.7731    4
14.7781    5
14.7831    9
14.7881    5
14.7931    8
14.7981    6
14.8031    8
14.8081    6
14.8131    9
14.8181    5
14.8231   11
14.8281   10
14.8331    6
14.8381    4
14.8431   13
14.8481    6
14.8531    8
14.8581    9
14.8631    7
14.8681    9
14.8731   16
14.8781    9
14.8831   12
14.8881   10
14.8931   10
14.8981   11
14.9031    8
14.9081    5
14.9131   13
14.9181    8
14.9231   12
14.9281   13
14.9331    8
14.9381    6
14.9431    7
14.9481    8
14.9531    2
14.9581    7
14.9631    9
14.9681    7
14.9731   11
14.9781    7
14.9831    8
14.9881   10
14.9931   11
14.9981    4
15.0031   13
15.0081    5
15.0131   10
15.0181    6
15.0231    6
15.0281    8
15.0331    4
15.0381   10
15.0431   11
15.0481    5
15.0531    5
15.0581    5
15.0631    6
15.0681    9
15.0731    9
15.0781    8
15.0831    6
15.0881    8
15.0931   11
15.0981    3
15.1031    7
15.1081   11
15.1131    9
15.1181    6
15.1231    7
15.1281    7
15.1331    4
15.1381    9
15.1431    3
15.1481    7
15.1531   12
15.1581    6
15.1631   12
15.1681    5
15.1731    7
15.1781    3
15.1831    8
15.1881    6
15.1931   10
15.1981    4
15.2031   11
15.2081    9
15.2131    3
15.2181    4
15.2231    8
15.2281    8
15.2331    3
15.2381    5
15.2431   14
15.2481    8
15.2531    9
15.2581    9
15.2631    6
15.2681    7
15.2731    5
15.2781    9
15.2831    8
15.2881    5
15.2931    8
15.2981    8
15.3031   10
15.3081    7
15.3131    7
15.3181    6
15.3231    3
15.3281   11
15.3331    5
15.3381    5
15.3431    4
15.3481   14
15.3531    7
15.3581    6
15.3631   18
15.3681    9
15.3731    4
15.3781   10
15.3831    6
15.3881    4
15.3931    7
15.3981    2
15.4031    6
15.4081    8
15.4131    6
15.4181    8
15.4231    9
15.4281    2
15.4331    7
15.4381    5
15.4431   10
15.4481    7
15.4531   10
15.4581   10
15.4631    7
15.4681    7
15.4731    6
15.4781   11
15.4831    4
15.4881    8
15.4931    7
15.4981   10
15.5031    9
15.5081    8
15.5131    6
15.5181    4
15.5231    5
15.5281    6
15.5331    9
15.5381    6
15.5431    5
15.5481    8
15.5531    6
15.5581    6
15.5631    3
15.5681    5
15.5731    9
15.5781    6
15.5831    4
15.5881    7
15.5931    3
15.5981    6
15.6031    7
15.6081    9
15.6131    9
15.6181    6
15.6231    9
15.6281    4
15.6331    5
15.6381   13
15.6431   10
15.6481   15
15.6531    2
15.6581    5
15.6631    7
15.6681    5
15.6731    5
15.6781    9
15.6831    9
15.6881    9
15.6931    7
15.6981    3
15.7031    7
15.7081    6
15.7131    7
15.7181    3
15.7231    9
15.7281    9
15.7331    9
15.7381    6
15.7431    8
15.7481    7
15.7531    6
15.7581    7
15.7631    6
15.7681    5
15.7731    8
15.7781    7
15.7831    9
15.7881    8
15.7931    7
15.7981    7
15.8031    5
15.8081    7
15.8131    9
15.8181    6
15.8231    3
15.8281    6
15.8331    4
15.8381    5
15.8431    7
15.8481   12
15.8531    8
15.8581   10
15.8631   10
15.8681    8
15.8731    9
15.8781    8
15.8831    4
15.8881    4
15.8931   11
15.8981    5
15.9031    9
15.9081    6
15.9131    6
15.9181    2
15.9231    5
15.9281    9
15.9331    9
15.9381    2
15.9431    5
15.9481    8
15.9531    6
15.9581   10
15.9631    9
15.9681    3
15.9731    5
15.9781    5
15.9831    4
15.9881    8
15.9931    8
15.9981    7
16.0031    5
16.0081    7
16.0131    4
16.0181    5
16.0231    2
16.0281   10
16.0331    2
16.0381    4
16.0431    5
16.0481    6
16.0531    4
16.0581    5
16.0631    7
16.0681    5
16.0731    8
16.0781    6
16.0831    8
16.0881    6
16.0931    5
16.0981    4
16.1031    5
16.1081    5
16.1131    9
16.1181    8
16.1231    5
16.1281    6
16.1331    9
16.1381    6
16.1431    9
16.1481    2
16.1531    4
16.1581   10
16.1631   11
16.1681    4
16.1731    2
16.1781    6
16.1831    6
16.1881    6
16.1931    3
16.1981    5
16.2031    4
16.2081    3
16.2131    7
16.2181    6
16.2231    5
16.2281   12
16.2331    3
16.2381    8
16.2431    6
16.2481    6
16.2531    4
16.2581    9
16.2631    5
16.2681    5
16.2731    5
16.2781    5
16.2831   13
16.2881    2
16.2931    6
16.2981    6
16.3031    4
16.3081    5
16.3131    9
16.3181    4
16.3231   10
16.3281    4
16.3331    6
16.3381    4
16.3431    6
16.3481    4
16.3531    4
16.3581    6
16.3631    2
16.3681    6
16.3731    7
16.3781    2
16.3831    7
16.3881    7
16.3931   12
16.3981    5
16.4031    4
16.4081    7
16.4131    7
16.4181    7
16.4231    7
16.4281    3
16.4331   10
16.4381    3
16.4431   10
16.4481    3
16.4531   11
16.4581    6
16.4631    8
16.4681    5
16.4731    7
16.4781    9
16.4831    8
16.4881    6
16.4931    6
16.4981    6
16.5031    7
16.5081    5
16.5131    4
16.5181    8
16.5231    5
16.5281    7
16.5331    9
16.5381    5
16.5431    5
16.5481    4
16.5531    4
16.5581    7
16.5631    4
16.5681    6
16.5731    7
16.5781    7
16.5831   10
16.5881    3
16.5931    2
16.5981    7
16.6031    9
16.6081    5
16.6131    1
16.6181    4
16.6231    9
16.6281    4
16.6331    8
16.6381    5
16.6431    5
16.6481    7
16.6531    4
16.6581    2
16.6631    4
16.6681    3
16.6731    4
16.6781    3
16.6831    7
16.6881    1
16.6931    1
16.6981    5
16.7031    3
16.7081    7
16.7131    7
16.7181    3
16.7231    6
16.7281    8
16.7331    9
16.7381    7
16.7431    5
16.7481    6
16.7531    6
16.7581    9
16.7631    6
16.7681    5
16.7731    8
16.7781    3
16.7831    4
16.7881    5
16.7931    5
16.7981    4
16.8031    7
16.8081    2
16.8131   14
16.8181    5
16.8231    7
16.8281   10
16.8331    4
16.8381    4
16.8431    7
16.8481    1
16.8531    5
16.8581    8
16.8631    4
16.8681    7
16.8731    6
16.8781    7
16.8831    3
16.8881    4
16.8931    4
16.8981    5
16.9031    4
16.9081    6
16.9131    3
16.9181    7
16.9231    6
16.9281    5
16.9331    3
16.9381    7
16.9431   10
16.9481    1
16.9531    9
16.9581    7
16.9631    3
16.9681    7
16.9731    5
16.9781    8
16.9831    3
16.9881    3
16.9931    6
16.9981    1
17.0031    4
17.0081    6
17.0131    6
17.0181    8
17.0231    3
17.0281    3
17.0331    6
17.0381    5
17.0431    3
17.0481    3
17.0531    1
17.0581    4
17.0631    7
17.0681    2
17.0731    3
17.0781    7
17.0831    4
17.0881    9
17.0931    7
17.0981    4
17.1031    3
17.1081    9
17.1131    0
17.1181    3
17.1231    7
17.1281    4
17.1331    2
17.1381    7
17.1431    5
17.1481    6
17.1531    3
17.1581    6
17.1631    9
17.1681    7
17.1731    2
17.1781    6
17.1831    7
17.1881    3
17.1931    4
17.1981    3
17.2031    3
17.2081    2
17.2131    7
17.2181    5
17.2231    4
17.2281    2
17.2331    3
17.2381    5
17.2431    1
17.2481    4
17.2531    2
17.2581    5
17.2631    6
17.2681    3
17.2731    4
17.2781    3
17.2831    5
17.2881    7
17.2931    4
17.2981    3
17.3031    2
17.3081    5
17.3131    5
17.3181    3
17.3231    3
17.3281    9
17.3331    5
17.3381    5
17.3431    3
17.3481    2
17.3531    4
17.3581    7
17.3631    9
17.3681    3
17.3731    4
17.3781    3
17.3831    3
17.3881    3
17.3931    3
17.3981    4
17.4031    4
17.4081    2
17.4131    2
17.4181    3
17.4231    4
17.4281    4
17.4331    6
17.4381    7
17.4431    4
17.4481    0
17.4531    4
17.4581    5
17.4631    1
17.4681    5
17.4731    5
17.4781    3
17.4831   10
17.4881    5
17.4931    1
17.4981    1
17.5031    9
17.5081   10
17.5131    7
17.5181    4
17.5231    3
17.5281    2
17.5331    5
17.5381    4
17.5431    3
17.5481    9
17.5531    7
17.5581    4
17.5631    8
17.5681    3
17.5731    5
17.5781    4
17.5831    4
17.5881    4
17.5931    3
17.5981    5
17.6031   10
17.6081    3
17.6131    4
17.6181    7
17.6231    4
17.6281    5
17.6331    5
17.6381    7
17.6431    5
17.6481    4
17.6531    4
17.6581    4
17.6631    3
17.6681    5
17.6731    2
17.6781    2
17.6831    2
17.6881    1
17.6931    8
17.6981    7
17.7031    6
17.7081    5
17.7131    4
17.7181    3
17.7231    6
17.7281    5
17.7331    5
17.7381    6
17.7431    4
17.7481    5
17.7531    6
17.7581    7
17.7631    4
17.7681    7
17.7731    3
17.7781    5
17.7831    2
17.7881    4
17.7931    2
17.7981    6
17.8031    5
17.8081    2
17.8131    6
17.8181    4
17.8231    5
17.8281    2
17.8331    4
17.8381    1
17.8431    5
17.8481    3
17.8531    2
17.8581    7
17.8631    3
17.8681    3
17.8731    2
17.8781    4
17.8831    3
17.8881    1
17.8931    3
17.8981    0
17.9031    5
17.9081    3
17.9131    5
17.9181    1
17.9231    3
17.9281    5
17.9331    2
17.9381    1
17.9431    5
17.9481    4
17.9531    4
17.9581    3
17.9631    3
17.9681    1
17.9731    3
17.9781    1
17.9831    5
17.9881    5
17.9931    3
17.9981    5
18.0031    4
18.0081    5
18.0131    3
18.0181    3
18.0231    1
18.0281    5
18.0331    7
18.0381    3
18.0431    1
18.0481    2
18.0531    4
18.0581    5
18.0631    3
18.0681    2
18.0731    3
18.0781    8
18.0831    3
18.0881    5
18.0931    6
18.0981    6
18.1031    5
18.1081    4
18.1131    9
18.1181    2
18.1231    5
18.1281    6
18.1331    6
18.1381    6
18.1431    3
18.1481    6
18.1531    0
18.1581    3
18.1631    5
18.1681    3
18.1731    6
18.1781    2
18.1831    6
18.1881    3
18.1931    1
18.1981    2
18.2031    3
18.2081    0
18.2131    8
18.2181    2
18.2231    4
18.2281    5
18.2331    2
18.2381    3
18.2431    1
18.2481    4
18.2531    3
18.2581    1
18.2631    1
18.2681    5
18.2731    3
18.2781    2
18.2831    5
18.2881    4
18.2931    5
18.2981    1
18.3031    3
18.3081    2
18.3131    3
18.3181    8
18.3231    5
18.3281    3
18.3331    7
18.3381    5
18.3431    2
18.3481    4
18.3531    5
18.3581    1
18.3631    5
18.3681    5
18.3731    6
18.3781    9
18.3831    3
18.3881    5
18.3931    2
18.3981    3
18.4031    6
18.4081    7
18.4131    7
18.4181    6
18.4231    2
18.4281    2
18.4331    6
18.4381    1
18.4431    2
18.4481    2
18.4531    2
18.4581    4
18.4631    3
18.4681    0
18.4731    5
18.4781    1
18.4831    4
18.4881    6
18.4931    6
18.4981    4
18.5031    3
18.5081    4
18.5131    3
18.5181    2
18.5231    3
18.5281    3
18.5331    4
18.5381    3
18.5431    5
18.5481    2
18.5531    0
18.5581    2
18.5631    6
18.5681    2
18.5731    4
18.5781    5
18.5831    5
18.5881    3
18.5931    7
18.5981    3
18.6031    2
18.6081    2
18.6131    7
18.6181    3
18.6231    7
18.6281    1
18.6331    4
18.6381    5
18.6431    3
18.6481    7
18.6531    3
18.6581    0
18.6631    5
18.6681    2
18.6731    4
18.6781    5
18.6831    1
18.6881    7
18.6931    3
18.6981    2
18.7031    7
18.7081    3
18.7131    1
18.7181    6
18.7231    3
18.7281    4
18.7331    3
18.7381    3
18.7431    6
18.7481    7
18.7531    5
18.7581    3
18.7631    3
18.7681    5
18.7731    2
18.7781    4
18.7831    2
18.7881    5
18.7931    5
18.7981    9
18.8031    5
18.8081    4
18.8131    4
18.8181    3
18.8231    3
18.8281    3
18.8331    3
18.8381    4
18.8431    1
18.8481    5
18.8531    1
18.8581    7
18.8631    6
18.8681    4
18.8731    3
18.8781    4
18.8831    5
18.8881    1
18.8931    3
18.8981    2
18.9031    7
18.9081    2
18.9131    2
18.9181    4
18.9231    2
18.9281    3
18.9331    7
18.9381    4
18.9431    3
18.9481    6
18.9531    4
18.9581    2
18.9631    2
18.9681    1
18.9731    4
18.9781    2
18.9831    3
18.9881    0
18.9931    4
18.9981    1
19.0031    2
19.0081    2
19.0131    1
19.0181    3
19.0231    3
19.0281    5
19.0331    4
19.0381    2
19.0431    0
19.0481    3
19.0531    8
19.0581    6
19.0631    4
19.0681    4
19.0731    4
19.0781    1
19.0831    2
19.0881    3
19.0931    5
19.0981    3
19.1031    4
19.1081    4
19.1131    3
19.1181    3
19.1231    4
19.1281    3
19.1331    2
19.1381    3
19.1431    3
19.1481    2
19.1531    5
19.1581    1
19.1631    1
19.1681    2
19.1731    2
19.1781    3
19.1831    2
19.1881    2
19.1931    3
19.1981    2
19.2031    5
19.2081    5
19.2131    1
19.2181    2
19.2231    1
19.2281    0
19.2331    5
19.2381    2
19.2431    7
19.2481    3
19.2531    4
19.2581    4
19.2631    4
19.2681    0
19.2731    2
19.2781    4
19.2831    3
19.2881    3
19.2931    4
19.2981    4
19.3031    3
19.3081    5
19.3131    3
19.3181    5
19.3231    1
19.3281    4
19.3331    2
19.3381    3
19.3431    1
19.3481    3
19.3531    1
19.3581    3
19.3631    5
19.3681    2
19.3731    4
19.3781    2
19.3831    1
19.3881    2
19.3931    4
19.3981    5
19.4031    0
19.4081    3
19.4131    1
19.4181    1
19.4231    5
19.4281    2
19.4331    3
19.4381    3
19.4431    4
19.4481    4
19.4531    5
19.4581    1
19.4631    5
19.4681    0
19.4731    6
19.4781    5
19.4831    4
19.4881    4
19.4931    2
19.4981    3
19.5031    5
19.5081    2
19.5131    6
19.5181    4
19.5231    1
19.5281    2
19.5331    4
19.5381    5
19.5431    2
19.5481    1
19.5531    1
19.5581    2
19.5631    3
19.5681    4
19.5731    3
19.5781    2
19.5831    1
19.5881    3
19.5931    3
19.5981    4
19.6031    3
19.6081    2
19.6131    4
19.6181    4
19.6231    2
19.6281    2
19.6331    3
19.6381    4
19.6431    2
19.6481    3
19.6531    1
19.6581    2
19.6631    4
19.6681    3
19.6731    2
19.6781    4
19.6831    1
19.6881    2
19.6931    2
19.6981    0
19.7031    6
19.7081    0
19.7131    2
19.7181    5
19.7231    1
19.7281    0
19.7331    3
19.7381    2
19.7431    2
19.7481    5
19.7531    2
19.7581    1
19.7631    5
19.7681    4
19.7731    1
19.7781    1
19.7831    5
19.7881    1
19.7931    1
19.7981    4
19.8031    4
19.8081    3
19.8131    3
19.8181    3
19.8231    3
19.8281    4
19.8331    3
19.8381    2
19.8431    5
19.8481    3
19.8531    6
19.8581    2
19.8631    6
19.8681    0
19.8731    3
19.8781    3
19.8831    3
19.8881    3
19.8931    0
19.8981    4
19.9031    0
19.9081    4
19.9131    4
19.9181    1
19.9231    4
19.9281    4
19.9331    0
19.9381    5
19.9431    2
19.9481    2
19.9531    3
19.9581    3
19.9631    2
19.9681    5
19.9731    2
19.9781    2
19.9831    1
19.9881    2
19.9931    2
19.9981    5
