Bruker Nano GmbH Berlin, Germany
Esprit 1.9

Date: 9/14/2017 8:16:52 PM
Real time: 36664
Life time: 32772
Pulse density: 7649

Primary energy: 30
Take off angle: 35
Tilt angle: 0
Azimut angle: 45

Detector type: XFlash 6|30
Window type: slew AP3.3
Detector thickness: 0.45
Si dead layer:0.029

Calibration, lin.: 5
Calibration, abs.: -476.9
Mn FWHM: 126.378
Fano factor: 0.11
Channels: 4096

Energy Counts
-0.4769     0
-0.4719     0
-0.4669     0
-0.4619     0
-0.4569     0
-0.4519     0
-0.4469     0
-0.4419     0
-0.4369     0
-0.4319     0
-0.4269     0
-0.4219     0
-0.4169     0
-0.4119     0
-0.4069     0
-0.4019     0
-0.3969     0
-0.3919     0
-0.3869     0
-0.3819     0
-0.3769     0
-0.3719     0
-0.3669     0
-0.3619     0
-0.3569     0
-0.3519     0
-0.3469     0
-0.3419     0
-0.3369     0
-0.3319     0
-0.3269     0
-0.3219     0
-0.3169     0
-0.3119     0
-0.3069     0
-0.3019     0
-0.2969     0
-0.2919     0
-0.2869     0
-0.2819     0
-0.2769     0
-0.2719     0
-0.2669     0
-0.2619     0
-0.2569     0
-0.2519     0
-0.2469     0
-0.2419     0
-0.2369     0
-0.2319     0
-0.2269     0
-0.2219     0
-0.2169     0
-0.2119     0
-0.2069     0
-0.2019     0
-0.1969     0
-0.1919     0
-0.1869     0
-0.1819     0
-0.1769     0
-0.1719     0
-0.1669     0
-0.1619     0
-0.1569     0
-0.1519     0
-0.1469     0
-0.1419     0
-0.1369     0
-0.1319     0
-0.1269     0
-0.1219     0
-0.1169     0
-0.1119     0
-0.1069     0
-0.1019     0
-0.0969     0
-0.0919     0
-0.0869     0
-0.0819     0
-0.0769     2
-0.0719     1
-0.0669     8
-0.0619     8
-0.0569    31
-0.0519    67
-0.0469   126
-0.0419   242
-0.0369   460
-0.0319   729
-0.0269  1033
-0.0219  1530
-0.0169  2031
-0.0119  2443
-0.0069  2692
-0.0019  2885
 0.0031  2952
 0.0081  2765
 0.0131  2399
 0.0181  1909
 0.0231  1398
 0.0281   985
 0.0331   645
 0.0381   387
 0.0431   193
 0.0481   106
 0.0531    63
 0.0581    37
 0.0631    12
 0.0681    12
 0.0731     8
 0.0781     4
 0.0831     4
 0.0881     0
 0.0931     0
 0.0981     0
 0.1031     0
 0.1081     0
 0.1131     0
 0.1181     0
 0.1231     0
 0.1281    15
 0.1331     9
 0.1381    11
 0.1431     0
 0.1481     0
 0.1531    15
 0.1581     6
 0.1631    11
 0.1681    11
 0.1731    14
 0.1781    33
 0.1831    48
 0.1881    78
 0.1931    90
 0.1981   156
 0.2031   211
 0.2081   310
 0.2131   476
 0.2181   748
 0.2231  1157
 0.2281  1719
 0.2331  2607
 0.2381  3719
 0.2431  5264
 0.2481  7163
 0.2531  9171
 0.2581 11234
 0.2631 13527
 0.2681 15114
 0.2731 16329
 0.2781 16795
 0.2831 16031
 0.2881 15059
 0.2931 13127
 0.2981 10951
 0.3031  8710
 0.3081  6459
 0.3131  4617
 0.3181  3203
 0.3231  2109
 0.3281  1330
 0.3331   793
 0.3381   445
 0.3431   264
 0.3481   159
 0.3531   102
 0.3581    85
 0.3631    79
 0.3681    79
 0.3731    92
 0.3781    95
 0.3831    95
 0.3881   102
 0.3931   113
 0.3981   116
 0.4031   113
 0.4081   111
 0.4131   111
 0.4181   106
 0.4231    96
 0.4281   104
 0.4331   110
 0.4381   111
 0.4431   106
 0.4481   116
 0.4531   129
 0.4581   125
 0.4631   125
 0.4681   125
 0.4731   137
 0.4781   176
 0.4831   193
 0.4881   179
 0.4931   222
 0.4981   240
 0.5031   245
 0.5081   273
 0.5131   292
 0.5181   276
 0.5231   287
 0.5281   266
 0.5331   273
 0.5381   266
 0.5431   246
 0.5481   194
 0.5531   165
 0.5581   141
 0.5631   125
 0.5681    99
 0.5731    80
 0.5781    72
 0.5831    52
 0.5881    45
 0.5931    38
 0.5981    31
 0.6031    25
 0.6081    33
 0.6131    27
 0.6181    31
 0.6231    30
 0.6281    29
 0.6331    27
 0.6381    30
 0.6431    40
 0.6481    38
 0.6531    34
 0.6581    32
 0.6631    43
 0.6681    33
 0.6731    41
 0.6781    43
 0.6831    39
 0.6881    35
 0.6931    37
 0.6981    40
 0.7031    43
 0.7081    44
 0.7131    31
 0.7181    39
 0.7231    52
 0.7281    39
 0.7331    48
 0.7381    42
 0.7431    65
 0.7481    56
 0.7531    44
 0.7581    45
 0.7631    50
 0.7681    43
 0.7731    56
 0.7781    51
 0.7831    61
 0.7881    44
 0.7931    60
 0.7981    76
 0.8031    45
 0.8081    50
 0.8131    49
 0.8181    66
 0.8231    55
 0.8281    45
 0.8331    61
 0.8381    66
 0.8431    57
 0.8481    58
 0.8531    45
 0.8581    63
 0.8631    63
 0.8681    71
 0.8731    56
 0.8781    57
 0.8831    68
 0.8881    61
 0.8931    68
 0.8981    66
 0.9031    67
 0.9081    49
 0.9131    71
 0.9181    72
 0.9231    68
 0.9281    73
 0.9331    57
 0.9381    69
 0.9431    65
 0.9481    63
 0.9531    77
 0.9581    78
 0.9631    53
 0.9681    79
 0.9731    80
 0.9781    74
 0.9831    91
 0.9881    59
 0.9931    75
 0.9981    82
 1.0031    72
 1.0081    73
 1.0131    79
 1.0181    83
 1.0231    78
 1.0281    84
 1.0331    97
 1.0381    94
 1.0431   109
 1.0481    84
 1.0531    91
 1.0581    77
 1.0631    80
 1.0681    71
 1.0731    70
 1.0781    79
 1.0831   100
 1.0881    88
 1.0931    83
 1.0981    84
 1.1031    63
 1.1081    77
 1.1131    64
 1.1181    67
 1.1231    72
 1.1281    89
 1.1331    78
 1.1381    73
 1.1431    79
 1.1481    88
 1.1531    86
 1.1581    70
 1.1631    84
 1.1681    95
 1.1731    73
 1.1781    66
 1.1831    91
 1.1881    78
 1.1931    88
 1.1981    88
 1.2031    69
 1.2081    85
 1.2131    64
 1.2181    74
 1.2231    80
 1.2281    90
 1.2331    78
 1.2381    95
 1.2431    72
 1.2481    83
 1.2531    80
 1.2581    93
 1.2631    83
 1.2681    78
 1.2731    99
 1.2781    90
 1.2831    79
 1.2881    75
 1.2931    84
 1.2981   100
 1.3031    89
 1.3081    70
 1.3131    82
 1.3181    68
 1.3231    91
 1.3281    94
 1.3331    88
 1.3381    78
 1.3431    92
 1.3481    74
 1.3531    90
 1.3581    92
 1.3631    96
 1.3681    82
 1.3731    77
 1.3781    68
 1.3831    77
 1.3881    92
 1.3931    89
 1.3981    90
 1.4031    80
 1.4081    83
 1.4131    77
 1.4181    92
 1.4231    95
 1.4281    96
 1.4331    86
 1.4381    95
 1.4431   107
 1.4481   121
 1.4531   136
 1.4581   126
 1.4631   139
 1.4681   147
 1.4731   139
 1.4781   159
 1.4831   179
 1.4881   177
 1.4931   175
 1.4981   164
 1.5031   154
 1.5081   125
 1.5131   142
 1.5181   119
 1.5231   114
 1.5281   110
 1.5331   103
 1.5381   113
 1.5431   110
 1.5481    98
 1.5531    86
 1.5581    96
 1.5631    87
 1.5681    87
 1.5731    87
 1.5781    93
 1.5831    82
 1.5881    81
 1.5931    69
 1.5981    63
 1.6031    72
 1.6081    67
 1.6131    78
 1.6181    86
 1.6231    70
 1.6281    80
 1.6331    82
 1.6381    76
 1.6431    70
 1.6481    67
 1.6531    64
 1.6581    85
 1.6631    84
 1.6681    74
 1.6731    68
 1.6781    79
 1.6831    95
 1.6881    92
 1.6931    94
 1.6981    98
 1.7031    97
 1.7081   101
 1.7131   105
 1.7181   107
 1.7231    97
 1.7281    96
 1.7331   104
 1.7381   112
 1.7431   101
 1.7481   107
 1.7531   106
 1.7581   103
 1.7631    91
 1.7681   101
 1.7731    91
 1.7781    82
 1.7831    88
 1.7881    94
 1.7931    85
 1.7981    82
 1.8031    89
 1.8081    91
 1.8131    80
 1.8181    74
 1.8231    75
 1.8281    77
 1.8331    78
 1.8381    68
 1.8431    75
 1.8481    74
 1.8531    72
 1.8581    67
 1.8631    69
 1.8681    64
 1.8731    61
 1.8781    64
 1.8831    58
 1.8881    68
 1.8931    72
 1.8981    61
 1.9031    60
 1.9081    62
 1.9131    62
 1.9181    57
 1.9231    58
 1.9281    67
 1.9331    76
 1.9381    73
 1.9431    65
 1.9481    60
 1.9531    64
 1.9581    59
 1.9631    57
 1.9681    56
 1.9731    57
 1.9781    64
 1.9831    66
 1.9881    62
 1.9931    66
 1.9981    66
 2.0031    60
 2.0081    58
 2.0131    64
 2.0181    63
 2.0231    62
 2.0281    61
 2.0331    55
 2.0381    53
 2.0431    64
 2.0481    64
 2.0531    54
 2.0581    64
 2.0631    72
 2.0681    65
 2.0731    60
 2.0781    64
 2.0831    66
 2.0881    60
 2.0931    68
 2.0981    64
 2.1031    58
 2.1081    60
 2.1131    56
 2.1181    65
 2.1231    64
 2.1281    54
 2.1331    52
 2.1381    49
 2.1431    55
 2.1481    54
 2.1531    51
 2.1581    53
 2.1631    59
 2.1681    56
 2.1731    57
 2.1781    56
 2.1831    53
 2.1881    60
 2.1931    57
 2.1981    56
 2.2031    59
 2.2081    62
 2.2131    56
 2.2181    54
 2.2231    53
 2.2281    54
 2.2331    55
 2.2381    56
 2.2431    53
 2.2481    53
 2.2531    57
 2.2581    60
 2.2631    67
 2.2681    57
 2.2731    63
 2.2781    62
 2.2831    64
 2.2881    59
 2.2931    58
 2.2981    64
 2.3031    61
 2.3081    63
 2.3131    65
 2.3181    71
 2.3231    58
 2.3281    58
 2.3331    62
 2.3381    58
 2.3431    52
 2.3481    49
 2.3531    54
 2.3581    55
 2.3631    61
 2.3681    56
 2.3731    43
 2.3781    46
 2.3831    49
 2.3881    45
 2.3931    47
 2.3981    52
 2.4031    51
 2.4081    53
 2.4131    55
 2.4181    55
 2.4231    53
 2.4281    55
 2.4331    49
 2.4381    53
 2.4431    49
 2.4481    50
 2.4531    49
 2.4581    55
 2.4631    52
 2.4681    53
 2.4731    55
 2.4781    50
 2.4831    42
 2.4881    40
 2.4931    47
 2.4981    47
 2.5031    55
 2.5081    53
 2.5131    46
 2.5181    55
 2.5231    47
 2.5281    50
 2.5331    44
 2.5381    59
 2.5431    53
 2.5481    47
 2.5531    43
 2.5581    60
 2.5631    47
 2.5681    57
 2.5731    48
 2.5781    44
 2.5831    39
 2.5881    51
 2.5931    54
 2.5981    59
 2.6031    69
 2.6081    55
 2.6131    50
 2.6181    51
 2.6231    53
 2.6281    49
 2.6331    59
 2.6381    49
 2.6431    46
 2.6481    44
 2.6531    53
 2.6581    43
 2.6631    51
 2.6681    46
 2.6731    51
 2.6781    61
 2.6831    64
 2.6881    51
 2.6931    42
 2.6981    52
 2.7031    47
 2.7081    46
 2.7131    38
 2.7181    40
 2.7231    40
 2.7281    48
 2.7331    40
 2.7381    43
 2.7431    36
 2.7481    33
 2.7531    38
 2.7581    61
 2.7631    48
 2.7681    47
 2.7731    42
 2.7781    42
 2.7831    45
 2.7881    43
 2.7931    41
 2.7981    45
 2.8031    49
 2.8081    33
 2.8131    45
 2.8181    42
 2.8231    33
 2.8281    34
 2.8331    54
 2.8381    41
 2.8431    33
 2.8481    54
 2.8531    41
 2.8581    46
 2.8631    37
 2.8681    48
 2.8731    33
 2.8781    41
 2.8831    39
 2.8881    53
 2.8931    34
 2.8981    50
 2.9031    43
 2.9081    46
 2.9131    44
 2.9181    43
 2.9231    35
 2.9281    29
 2.9331    51
 2.9381    44
 2.9431    42
 2.9481    40
 2.9531    32
 2.9581    40
 2.9631    44
 2.9681    40
 2.9731    42
 2.9781    37
 2.9831    46
 2.9881    43
 2.9931    35
 2.9981    40
 3.0031    38
 3.0081    43
 3.0131    38
 3.0181    41
 3.0231    42
 3.0281    32
 3.0331    40
 3.0381    53
 3.0431    37
 3.0481    35
 3.0531    35
 3.0581    42
 3.0631    34
 3.0681    37
 3.0731    39
 3.0781    42
 3.0831    39
 3.0881    40
 3.0931    32
 3.0981    37
 3.1031    24
 3.1081    37
 3.1131    27
 3.1181    31
 3.1231    35
 3.1281    37
 3.1331    37
 3.1381    34
 3.1431    44
 3.1481    39
 3.1531    35
 3.1581    29
 3.1631    29
 3.1681    35
 3.1731    29
 3.1781    27
 3.1831    41
 3.1881    42
 3.1931    40
 3.1981    34
 3.2031    36
 3.2081    39
 3.2131    37
 3.2181    41
 3.2231    32
 3.2281    36
 3.2331    47
 3.2381    38
 3.2431    36
 3.2481    43
 3.2531    41
 3.2581    43
 3.2631    35
 3.2681    37
 3.2731    43
 3.2781    55
 3.2831    52
 3.2881    40
 3.2931    49
 3.2981    43
 3.3031    32
 3.3081    42
 3.3131    45
 3.3181    47
 3.3231    46
 3.3281    40
 3.3331    42
 3.3381    44
 3.3431    44
 3.3481    40
 3.3531    54
 3.3581    36
 3.3631    25
 3.3681    27
 3.3731    33
 3.3781    35
 3.3831    36
 3.3881    33
 3.3931    29
 3.3981    28
 3.4031    34
 3.4081    36
 3.4131    33
 3.4181    23
 3.4231    22
 3.4281    37
 3.4331    34
 3.4381    35
 3.4431    30
 3.4481    38
 3.4531    28
 3.4581    34
 3.4631    42
 3.4681    26
 3.4731    28
 3.4781    28
 3.4831    31
 3.4881    34
 3.4931    25
 3.4981    20
 3.5031    28
 3.5081    30
 3.5131    22
 3.5181    33
 3.5231    35
 3.5281    35
 3.5331    35
 3.5381    29
 3.5431    27
 3.5481    26
 3.5531    32
 3.5581    30
 3.5631    30
 3.5681    27
 3.5731    34
 3.5781    35
 3.5831    40
 3.5881    38
 3.5931    30
 3.5981    48
 3.6031    31
 3.6081    31
 3.6131    36
 3.6181    26
 3.6231    34
 3.6281    25
 3.6331    36
 3.6381    37
 3.6431    27
 3.6481    33
 3.6531    30
 3.6581    34
 3.6631    47
 3.6681    38
 3.6731    34
 3.6781    39
 3.6831    31
 3.6881    38
 3.6931    25
 3.6981    35
 3.7031    36
 3.7081    38
 3.7131    45
 3.7181    27
 3.7231    40
 3.7281    35
 3.7331    21
 3.7381    31
 3.7431    36
 3.7481    28
 3.7531    33
 3.7581    24
 3.7631    25
 3.7681    30
 3.7731    29
 3.7781    25
 3.7831    28
 3.7881    38
 3.7931    27
 3.7981    31
 3.8031    17
 3.8081    16
 3.8131    33
 3.8181    30
 3.8231    30
 3.8281    35
 3.8331    27
 3.8381    31
 3.8431    28
 3.8481    19
 3.8531    25
 3.8581    32
 3.8631    31
 3.8681    27
 3.8731    29
 3.8781    24
 3.8831    24
 3.8881    29
 3.8931    25
 3.8981    31
 3.9031    25
 3.9081    26
 3.9131    32
 3.9181    31
 3.9231    27
 3.9281    33
 3.9331    28
 3.9381    28
 3.9431    26
 3.9481    26
 3.9531    29
 3.9581    28
 3.9631    27
 3.9681    30
 3.9731    24
 3.9781    22
 3.9831    26
 3.9881    35
 3.9931    26
 3.9981    28
 4.0031    26
 4.0081    31
 4.0131    29
 4.0181    24
 4.0231    28
 4.0281    19
 4.0331    29
 4.0381    22
 4.0431    23
 4.0481    27
 4.0531    25
 4.0581    32
 4.0631    19
 4.0681    23
 4.0731    29
 4.0781    37
 4.0831    28
 4.0881    29
 4.0931    21
 4.0981    27
 4.1031    21
 4.1081    26
 4.1131    21
 4.1181    20
 4.1231    23
 4.1281    19
 4.1331    21
 4.1381    20
 4.1431    16
 4.1481    20
 4.1531    14
 4.1581    22
 4.1631    26
 4.1681    30
 4.1731    25
 4.1781    24
 4.1831    30
 4.1881    25
 4.1931    16
 4.1981    20
 4.2031    28
 4.2081    22
 4.2131    20
 4.2181    25
 4.2231    29
 4.2281    19
 4.2331    24
 4.2381    31
 4.2431    27
 4.2481    17
 4.2531    18
 4.2581    20
 4.2631    28
 4.2681    29
 4.2731    29
 4.2781    22
 4.2831    22
 4.2881    20
 4.2931    26
 4.2981    28
 4.3031    23
 4.3081    25
 4.3131    23
 4.3181    23
 4.3231    25
 4.3281    21
 4.3331    26
 4.3381    27
 4.3431    18
 4.3481    23
 4.3531    28
 4.3581    18
 4.3631    18
 4.3681    22
 4.3731    22
 4.3781    27
 4.3831    24
 4.3881    26
 4.3931    22
 4.3981    26
 4.4031    21
 4.4081    19
 4.4131    19
 4.4181    21
 4.4231    21
 4.4281    16
 4.4331    22
 4.4381    21
 4.4431    20
 4.4481    23
 4.4531    25
 4.4581    20
 4.4631    20
 4.4681    22
 4.4731    20
 4.4781    19
 4.4831    16
 4.4881    20
 4.4931    24
 4.4981    16
 4.5031    18
 4.5081    22
 4.5131    25
 4.5181    25
 4.5231    27
 4.5281    22
 4.5331    27
 4.5381    27
 4.5431    25
 4.5481    21
 4.5531    18
 4.5581    21
 4.5631    27
 4.5681    25
 4.5731    25
 4.5781    21
 4.5831    19
 4.5881    17
 4.5931    20
 4.5981    22
 4.6031    20
 4.6081    23
 4.6131    27
 4.6181    23
 4.6231    17
 4.6281    18
 4.6331    19
 4.6381    23
 4.6431    26
 4.6481    23
 4.6531    21
 4.6581    20
 4.6631    17
 4.6681    19
 4.6731    20
 4.6781    21
 4.6831    17
 4.6881    17
 4.6931    19
 4.6981    26
 4.7031    24
 4.7081    17
 4.7131    18
 4.7181    18
 4.7231    18
 4.7281    21
 4.7331    20
 4.7381    18
 4.7431    17
 4.7481    18
 4.7531    20
 4.7581    19
 4.7631    21
 4.7681    21
 4.7731    18
 4.7781    20
 4.7831    18
 4.7881    21
 4.7931    28
 4.7981    21
 4.8031    19
 4.8081    24
 4.8131    22
 4.8181    18
 4.8231    17
 4.8281    19
 4.8331    17
 4.8381    14
 4.8431    19
 4.8481    23
 4.8531    22
 4.8581    18
 4.8631    16
 4.8681    18
 4.8731    21
 4.8781    21
 4.8831    18
 4.8881    18
 4.8931    20
 4.8981    20
 4.9031    18
 4.9081    22
 4.9131    19
 4.9181    19
 4.9231    23
 4.9281    21
 4.9331    22
 4.9381    24
 4.9431    18
 4.9481    15
 4.9531    13
 4.9581    17
 4.9631    18
 4.9681    21
 4.9731    24
 4.9781    21
 4.9831    18
 4.9881    22
 4.9931    20
 4.9981    14
 5.0031    15
 5.0081    12
 5.0131    13
 5.0181    19
 5.0231    19
 5.0281    18
 5.0331    14
 5.0381    15
 5.0431    19
 5.0481    18
 5.0531    16
 5.0581    15
 5.0631    22
 5.0681    21
 5.0731    16
 5.0781    15
 5.0831    19
 5.0881    21
 5.0931    20
 5.0981    15
 5.1031    16
 5.1081    17
 5.1131    15
 5.1181    16
 5.1231    19
 5.1281    20
 5.1331    20
 5.1381    22
 5.1431    18
 5.1481    15
 5.1531    18
 5.1581    18
 5.1631    23
 5.1681    23
 5.1731    19
 5.1781    17
 5.1831    18
 5.1881    22
 5.1931    14
 5.1981    13
 5.2031    12
 5.2081    18
 5.2131    13
 5.2181    13
 5.2231    17
 5.2281    23
 5.2331    21
 5.2381    17
 5.2431    17
 5.2481    16
 5.2531    13
 5.2581    14
 5.2631    18
 5.2681    15
 5.2731    15
 5.2781    14
 5.2831    15
 5.2881    15
 5.2931    13
 5.2981    12
 5.3031    12
 5.3081    12
 5.3131    14
 5.3181    17
 5.3231    15
 5.3281    13
 5.3331    16
 5.3381    14
 5.3431    15
 5.3481    13
 5.3531    12
 5.3581    14
 5.3631    18
 5.3681    22
 5.3731    16
 5.3781    17
 5.3831    12
 5.3881    13
 5.3931    11
 5.3981     9
 5.4031    13
 5.4081    17
 5.4131     8
 5.4181    12
 5.4231    17
 5.4281    19
 5.4331    18
 5.4381    19
 5.4431    11
 5.4481    15
 5.4531    12
 5.4581    17
 5.4631    15
 5.4681    16
 5.4731    14
 5.4781    12
 5.4831    14
 5.4881    17
 5.4931    23
 5.4981    12
 5.5031    14
 5.5081    14
 5.5131    15
 5.5181    17
 5.5231    14
 5.5281    11
 5.5331     9
 5.5381    17
 5.5431    13
 5.5481    18
 5.5531    17
 5.5581    16
 5.5631    21
 5.5681    11
 5.5731    10
 5.5781    12
 5.5831    12
 5.5881    17
 5.5931    18
 5.5981    17
 5.6031    13
 5.6081    23
 5.6131    20
 5.6181    20
 5.6231    17
 5.6281    13
 5.6331    12
 5.6381    19
 5.6431    17
 5.6481    20
 5.6531    27
 5.6581    15
 5.6631    17
 5.6681    14
 5.6731    11
 5.6781    12
 5.6831    19
 5.6881    15
 5.6931    13
 5.6981    11
 5.7031     9
 5.7081    13
 5.7131    13
 5.7181    15
 5.7231    16
 5.7281    20
 5.7331    17
 5.7381    12
 5.7431    18
 5.7481     7
 5.7531    14
 5.7581    11
 5.7631    15
 5.7681    17
 5.7731    12
 5.7781    21
 5.7831    17
 5.7881    14
 5.7931    22
 5.7981    13
 5.8031    15
 5.8081    12
 5.8131    12
 5.8181    13
 5.8231    19
 5.8281    10
 5.8331    16
 5.8381    14
 5.8431    15
 5.8481     8
 5.8531    19
 5.8581    14
 5.8631    13
 5.8681    18
 5.8731    11
 5.8781    16
 5.8831    13
 5.8881    14
 5.8931    17
 5.8981    17
 5.9031    14
 5.9081    19
 5.9131    12
 5.9181    11
 5.9231    17
 5.9281    17
 5.9331    10
 5.9381    18
 5.9431    11
 5.9481     9
 5.9531    16
 5.9581    12
 5.9631    11
 5.9681    13
 5.9731    12
 5.9781    11
 5.9831    15
 5.9881    18
 5.9931    20
 5.9981    20
 6.0031    15
 6.0081    11
 6.0131    11
 6.0181     9
 6.0231    15
 6.0281    14
 6.0331    14
 6.0381    11
 6.0431    17
 6.0481     6
 6.0531    15
 6.0581    16
 6.0631    10
 6.0681    12
 6.0731    10
 6.0781    14
 6.0831     6
 6.0881    16
 6.0931    10
 6.0981    15
 6.1031    22
 6.1081    16
 6.1131     9
 6.1181    14
 6.1231    13
 6.1281    15
 6.1331    11
 6.1381    13
 6.1431    10
 6.1481    12
 6.1531    10
 6.1581    14
 6.1631    11
 6.1681    12
 6.1731    10
 6.1781    17
 6.1831    20
 6.1881    12
 6.1931    12
 6.1981     7
 6.2031    13
 6.2081     9
 6.2131    11
 6.2181    15
 6.2231    17
 6.2281    10
 6.2331    12
 6.2381    17
 6.2431    18
 6.2481    15
 6.2531     9
 6.2581    10
 6.2631     8
 6.2681     9
 6.2731    13
 6.2781    16
 6.2831    18
 6.2881    12
 6.2931    13
 6.2981    18
 6.3031    10
 6.3081    14
 6.3131     7
 6.3181    13
 6.3231    13
 6.3281    12
 6.3331    16
 6.3381    16
 6.3431    15
 6.3481     8
 6.3531    12
 6.3581    13
 6.3631     8
 6.3681    15
 6.3731    14
 6.3781    15
 6.3831    10
 6.3881     8
 6.3931    14
 6.3981    17
 6.4031    11
 6.4081    16
 6.4131    15
 6.4181     6
 6.4231     9
 6.4281    10
 6.4331     8
 6.4381    14
 6.4431    15
 6.4481     9
 6.4531    13
 6.4581    14
 6.4631    18
 6.4681     9
 6.4731    10
 6.4781    14
 6.4831     7
 6.4881    12
 6.4931    15
 6.4981    10
 6.5031    15
 6.5081     6
 6.5131    11
 6.5181    14
 6.5231     8
 6.5281    10
 6.5331    16
 6.5381     9
 6.5431    19
 6.5481    18
 6.5531    13
 6.5581    11
 6.5631     9
 6.5681    18
 6.5731    12
 6.5781    18
 6.5831    13
 6.5881    13
 6.5931    16
 6.5981    13
 6.6031     8
 6.6081    11
 6.6131    16
 6.6181    11
 6.6231     9
 6.6281    11
 6.6331    10
 6.6381     7
 6.6431    16
 6.6481    14
 6.6531    15
 6.6581     8
 6.6631     4
 6.6681    11
 6.6731     9
 6.6781    10
 6.6831     6
 6.6881    12
 6.6931    14
 6.6981    14
 6.7031    13
 6.7081    10
 6.7131     3
 6.7181     7
 6.7231     7
 6.7281    11
 6.7331    13
 6.7381    15
 6.7431     9
 6.7481    13
 6.7531     8
 6.7581    10
 6.7631    11
 6.7681    16
 6.7731    16
 6.7781     6
 6.7831     8
 6.7881     9
 6.7931    20
 6.7981    10
 6.8031     8
 6.8081     7
 6.8131    12
 6.8181    15
 6.8231    11
 6.8281     7
 6.8331    10
 6.8381     9
 6.8431     9
 6.8481    13
 6.8531    14
 6.8581     9
 6.8631     8
 6.8681     9
 6.8731    12
 6.8781     9
 6.8831    15
 6.8881    13
 6.8931    13
 6.8981     7
 6.9031     6
 6.9081    20
 6.9131     9
 6.9181     9
 6.9231    10
 6.9281    11
 6.9331    10
 6.9381     7
 6.9431     8
 6.9481    16
 6.9531     7
 6.9581    19
 6.9631     8
 6.9681    17
 6.9731    16
 6.9781     6
 6.9831    15
 6.9881    13
 6.9931    10
 6.9981    13
 7.0031     9
 7.0081    13
 7.0131    13
 7.0181    16
 7.0231     7
 7.0281    10
 7.0331     8
 7.0381    14
 7.0431     5
 7.0481     9
 7.0531     6
 7.0581    15
 7.0631     7
 7.0681     7
 7.0731    11
 7.0781     8
 7.0831     7
 7.0881     5
 7.0931     9
 7.0981    13
 7.1031     7
 7.1081    15
 7.1131    12
 7.1181     7
 7.1231    10
 7.1281    11
 7.1331     7
 7.1381     8
 7.1431    12
 7.1481     8
 7.1531    12
 7.1581    14
 7.1631    11
 7.1681    12
 7.1731     6
 7.1781    11
 7.1831     8
 7.1881    10
 7.1931    15
 7.1981    12
 7.2031    14
 7.2081    11
 7.2131     7
 7.2181     6
 7.2231    12
 7.2281     5
 7.2331    10
 7.2381     8
 7.2431    10
 7.2481     6
 7.2531     8
 7.2581     6
 7.2631     8
 7.2681     7
 7.2731    11
 7.2781    13
 7.2831    13
 7.2881    15
 7.2931     6
 7.2981    10
 7.3031     8
 7.3081     5
 7.3131     8
 7.3181    14
 7.3231     8
 7.3281     6
 7.3331     8
 7.3381     7
 7.3431    12
 7.3481     9
 7.3531    10
 7.3581    10
 7.3631     7
 7.3681     9
 7.3731    16
 7.3781     4
 7.3831    10
 7.3881    10
 7.3931     7
 7.3981     9
 7.4031     6
 7.4081    11
 7.4131     9
 7.4181    12
 7.4231    10
 7.4281     8
 7.4331     7
 7.4381    12
 7.4431     9
 7.4481    13
 7.4531    11
 7.4581    13
 7.4631     9
 7.4681     9
 7.4731     8
 7.4781     8
 7.4831    11
 7.4881    10
 7.4931    14
 7.4981    12
 7.5031    10
 7.5081     9
 7.5131    10
 7.5181     7
 7.5231     9
 7.5281    11
 7.5331    12
 7.5381     9
 7.5431     6
 7.5481    10
 7.5531    11
 7.5581    12
 7.5631     9
 7.5681    13
 7.5731    14
 7.5781    10
 7.5831     4
 7.5881     9
 7.5931    10
 7.5981    15
 7.6031     9
 7.6081     9
 7.6131     9
 7.6181    10
 7.6231     9
 7.6281     6
 7.6331    11
 7.6381     8
 7.6431    10
 7.6481    11
 7.6531     6
 7.6581    13
 7.6631    11
 7.6681     6
 7.6731    11
 7.6781    14
 7.6831    12
 7.6881     5
 7.6931    10
 7.6981     8
 7.7031     8
 7.7081     7
 7.7131    16
 7.7181    10
 7.7231    11
 7.7281    11
 7.7331     6
 7.7381    10
 7.7431    12
 7.7481     6
 7.7531     9
 7.7581     7
 7.7631     7
 7.7681    12
 7.7731     7
 7.7781     9
 7.7831     4
 7.7881     5
 7.7931     6
 7.7981     7
 7.8031    10
 7.8081     6
 7.8131    10
 7.8181     4
 7.8231     9
 7.8281    15
 7.8331     8
 7.8381     9
 7.8431     4
 7.8481     9
 7.8531     9
 7.8581     2
 7.8631     8
 7.8681     7
 7.8731     3
 7.8781     7
 7.8831     7
 7.8881    13
 7.8931    15
 7.8981     7
 7.9031     9
 7.9081     4
 7.9131     8
 7.9181     9
 7.9231    12
 7.9281     3
 7.9331    10
 7.9381     8
 7.9431    11
 7.9481    15
 7.9531     6
 7.9581     2
 7.9631     9
 7.9681    10
 7.9731    11
 7.9781    12
 7.9831     9
 7.9881    14
 7.9931    16
 7.9981    10
 8.0031    11
 8.0081     9
 8.0131     4
 8.0181    16
 8.0231    16
 8.0281    13
 8.0331    20
 8.0381    10
 8.0431     8
 8.0481    11
 8.0531    13
 8.0581    13
 8.0631     8
 8.0681     9
 8.0731    12
 8.0781    12
 8.0831    13
 8.0881    12
 8.0931    11
 8.0981    15
 8.1031     5
 8.1081     5
 8.1131     7
 8.1181    11
 8.1231    11
 8.1281    10
 8.1331     9
 8.1381    11
 8.1431     8
 8.1481    10
 8.1531     6
 8.1581     6
 8.1631     7
 8.1681     5
 8.1731     6
 8.1781     9
 8.1831    15
 8.1881     4
 8.1931     8
 8.1981     3
 8.2031     8
 8.2081     2
 8.2131     8
 8.2181    15
 8.2231     5
 8.2281     9
 8.2331     7
 8.2381     9
 8.2431     8
 8.2481     7
 8.2531     8
 8.2581     9
 8.2631     8
 8.2681     9
 8.2731    10
 8.2781     8
 8.2831     7
 8.2881    11
 8.2931     5
 8.2981    10
 8.3031     4
 8.3081     6
 8.3131     8
 8.3181     8
 8.3231    11
 8.3281     5
 8.3331    10
 8.3381     7
 8.3431     7
 8.3481    10
 8.3531    10
 8.3581     6
 8.3631     4
 8.3681     8
 8.3731     6
 8.3781    11
 8.3831     5
 8.3881     4
 8.3931    10
 8.3981    11
 8.4031    10
 8.4081    10
 8.4131    11
 8.4181    13
 8.4231     7
 8.4281     8
 8.4331     7
 8.4381     8
 8.4431     4
 8.4481    11
 8.4531     3
 8.4581    11
 8.4631     5
 8.4681     7
 8.4731     8
 8.4781    15
 8.4831    10
 8.4881    12
 8.4931     8
 8.4981     4
 8.5031     4
 8.5081     8
 8.5131     7
 8.5181     8
 8.5231     5
 8.5281    10
 8.5331     7
 8.5381    10
 8.5431     8
 8.5481    13
 8.5531     3
 8.5581     4
 8.5631     7
 8.5681    11
 8.5731    13
 8.5781    11
 8.5831     6
 8.5881     6
 8.5931     7
 8.5981     9
 8.6031    13
 8.6081     5
 8.6131     4
 8.6181     3
 8.6231     7
 8.6281     9
 8.6331     5
 8.6381     8
 8.6431     7
 8.6481     4
 8.6531     8
 8.6581     7
 8.6631     5
 8.6681     7
 8.6731     8
 8.6781     8
 8.6831     8
 8.6881     5
 8.6931     7
 8.6981     6
 8.7031     8
 8.7081    14
 8.7131     3
 8.7181     4
 8.7231     2
 8.7281     5
 8.7331     4
 8.7381     6
 8.7431     8
 8.7481     2
 8.7531     4
 8.7581     4
 8.7631     5
 8.7681     7
 8.7731     3
 8.7781     4
 8.7831     6
 8.7881     8
 8.7931     7
 8.7981    11
 8.8031     7
 8.8081     6
 8.8131     9
 8.8181     8
 8.8231     3
 8.8281     3
 8.8331     6
 8.8381     7
 8.8431     8
 8.8481     6
 8.8531    10
 8.8581     4
 8.8631     5
 8.8681     7
 8.8731     8
 8.8781     6
 8.8831     8
 8.8881     4
 8.8931     3
 8.8981     8
 8.9031     4
 8.9081     9
 8.9131     5
 8.9181     8
 8.9231     6
 8.9281     5
 8.9331    11
 8.9381     7
 8.9431     5
 8.9481     6
 8.9531     6
 8.9581     7
 8.9631     5
 8.9681     6
 8.9731    11
 8.9781     8
 8.9831     3
 8.9881     7
 8.9931     3
 8.9981     5
 9.0031     5
 9.0081     7
 9.0131     1
 9.0181     6
 9.0231     3
 9.0281     7
 9.0331     5
 9.0381    10
 9.0431     8
 9.0481    11
 9.0531     9
 9.0581    10
 9.0631    10
 9.0681     7
 9.0731     7
 9.0781     1
 9.0831     5
 9.0881     8
 9.0931     9
 9.0981     3
 9.1031     5
 9.1081     3
 9.1131     4
 9.1181     6
 9.1231     4
 9.1281     7
 9.1331     3
 9.1381     6
 9.1431     8
 9.1481     7
 9.1531     5
 9.1581     9
 9.1631    12
 9.1681     8
 9.1731     4
 9.1781     9
 9.1831     6
 9.1881     8
 9.1931    10
 9.1981     5
 9.2031     6
 9.2081     5
 9.2131    12
 9.2181     3
 9.2231     4
 9.2281     5
 9.2331     4
 9.2381     7
 9.2431     6
 9.2481     7
 9.2531     3
 9.2581     7
 9.2631     4
 9.2681     6
 9.2731     6
 9.2781     7
 9.2831     8
 9.2881     8
 9.2931     5
 9.2981    13
 9.3031     5
 9.3081     4
 9.3131     6
 9.3181     7
 9.3231     1
 9.3281     6
 9.3331    12
 9.3381     4
 9.3431     6
 9.3481     3
 9.3531     6
 9.3581     6
 9.3631     6
 9.3681     4
 9.3731     7
 9.3781     4
 9.3831     9
 9.3881     4
 9.3931     8
 9.3981     8
 9.4031    10
 9.4081     8
 9.4131    11
 9.4181     7
 9.4231     4
 9.4281     8
 9.4331     7
 9.4381     6
 9.4431     5
 9.4481     6
 9.4531     2
 9.4581     6
 9.4631     6
 9.4681    10
 9.4731     4
 9.4781     7
 9.4831     3
 9.4881     6
 9.4931     2
 9.4981     8
 9.5031     5
 9.5081     5
 9.5131     6
 9.5181     8
 9.5231     5
 9.5281     6
 9.5331     6
 9.5381     3
 9.5431     7
 9.5481     3
 9.5531     7
 9.5581     9
 9.5631     5
 9.5681     3
 9.5731     6
 9.5781     8
 9.5831     4
 9.5881     4
 9.5931     4
 9.5981     5
 9.6031     6
 9.6081    11
 9.6131     6
 9.6181     8
 9.6231     6
 9.6281     3
 9.6331     4
 9.6381     1
 9.6431     2
 9.6481     4
 9.6531     9
 9.6581     4
 9.6631     5
 9.6681     6
 9.6731     6
 9.6781     6
 9.6831     7
 9.6881     8
 9.6931     7
 9.6981     4
 9.7031     7
 9.7081     0
 9.7131     2
 9.7181     8
 9.7231     5
 9.7281     4
 9.7331     3
 9.7381     9
 9.7431     1
 9.7481     7
 9.7531     2
 9.7581     6
 9.7631     6
 9.7681     5
 9.7731     3
 9.7781     5
 9.7831     4
 9.7881     5
 9.7931     2
 9.7981     7
 9.8031     5
 9.8081     7
 9.8131     6
 9.8181     2
 9.8231     5
 9.8281     9
 9.8331     5
 9.8381     3
 9.8431     5
 9.8481     2
 9.8531     4
 9.8581     5
 9.8631     7
 9.8681     8
 9.8731     4
 9.8781     5
 9.8831     5
 9.8881     5
 9.8931     3
 9.8981     7
 9.9031     4
 9.9081     9
 9.9131     6
 9.9181     4
 9.9231     8
 9.9281     7
 9.9331     5
 9.9381     5
 9.9431     6
 9.9481     5
 9.9531     4
 9.9581     6
 9.9631     4
 9.9681     3
 9.9731     6
 9.9781     5
 9.9831     5
 9.9881     4
 9.9931     5
 9.9981     5
10.0031     2
10.0081     4
10.0131     7
10.0181     6
10.0231     4
10.0281     6
10.0331     7
10.0381     8
10.0431    12
10.0481     2
10.0531     7
10.0581     6
10.0631     5
10.0681     3
10.0731     4
10.0781     7
10.0831     7
10.0881     5
10.0931     8
10.0981     7
10.1031     3
10.1081     6
10.1131     4
10.1181     6
10.1231     6
10.1281     1
10.1331     3
10.1381     6
10.1431     2
10.1481     7
10.1531     7
10.1581     6
10.1631     4
10.1681     5
10.1731     2
10.1781     6
10.1831     7
10.1881     3
10.1931     6
10.1981     7
10.2031     5
10.2081     3
10.2131     3
10.2181     6
10.2231     6
10.2281     8
10.2331     4
10.2381     5
10.2431     5
10.2481     4
10.2531     6
10.2581     5
10.2631     6
10.2681     7
10.2731     1
10.2781     5
10.2831     7
10.2881     1
10.2931     7
10.2981     7
10.3031     8
10.3081     4
10.3131     7
10.3181     4
10.3231     6
10.3281     6
10.3331     2
10.3381     6
10.3431     8
10.3481     5
10.3531     1
10.3581    11
10.3631     2
10.3681     6
10.3731     4
10.3781     2
10.3831     5
10.3881     6
10.3931     5
10.3981     3
10.4031     3
10.4081     8
10.4131     4
10.4181     3
10.4231     7
10.4281     7
10.4331     2
10.4381     2
10.4431     2
10.4481     7
10.4531     3
10.4581     1
10.4631     7
10.4681     4
10.4731     5
10.4781     6
10.4831     8
10.4881     7
10.4931     4
10.4981     2
10.5031     7
10.5081     3
10.5131     4
10.5181     3
10.5231     7
10.5281     7
10.5331     7
10.5381     1
10.5431     6
10.5481     3
10.5531     3
10.5581     3
10.5631     5
10.5681     1
10.5731     4
10.5781    11
10.5831     3
10.5881     5
10.5931     3
10.5981     2
10.6031     5
10.6081     4
10.6131     6
10.6181     7
10.6231     4
10.6281     7
10.6331     4
10.6381     6
10.6431     2
10.6481     7
10.6531     3
10.6581     7
10.6631     3
10.6681     4
10.6731     4
10.6781     4
10.6831     8
10.6881     2
10.6931     3
10.6981     9
10.7031     4
10.7081     3
10.7131     8
10.7181     7
10.7231     2
10.7281     8
10.7331     7
10.7381     7
10.7431     4
10.7481     3
10.7531     4
10.7581     3
10.7631     6
10.7681     2
10.7731     2
10.7781     6
10.7831     7
10.7881     8
10.7931     4
10.7981     7
10.8031     5
10.8081     6
10.8131     8
10.8181     3
10.8231     6
10.8281     3
10.8331     4
10.8381     1
10.8431     4
10.8481     8
10.8531     8
10.8581     6
10.8631     2
10.8681     6
10.8731    11
10.8781     1
10.8831     3
10.8881     2
10.8931     6
10.8981     1
10.9031     5
10.9081     1
10.9131     9
10.9181     3
10.9231     4
10.9281     7
10.9331     2
10.9381     7
10.9431     2
10.9481     6
10.9531     3
10.9581     4
10.9631     6
10.9681     4
10.9731     3
10.9781     6
10.9831     5
10.9881     2
10.9931     4
10.9981     1
11.0031     5
11.0081     8
11.0131     7
11.0181     4
11.0231     2
11.0281     7
11.0331     4
11.0381     7
11.0431     3
11.0481     5
11.0531     7
11.0581     3
11.0631     2
11.0681     4
11.0731     8
11.0781     4
11.0831     3
11.0881     3
11.0931     6
11.0981     7
11.1031     4
11.1081     7
11.1131     6
11.1181     4
11.1231     2
11.1281     0
11.1331     2
11.1381     3
11.1431     5
11.1481     5
11.1531     4
11.1581     1
11.1631     4
11.1681     5
11.1731     5
11.1781     5
11.1831     3
11.1881     2
11.1931     1
11.1981     5
11.2031     3
11.2081     6
11.2131     7
11.2181     1
11.2231     1
11.2281     5
11.2331     3
11.2381     6
11.2431     5
11.2481     7
11.2531     4
11.2581     5
11.2631     7
11.2681     5
11.2731     2
11.2781     4
11.2831     2
11.2881     3
11.2931     1
11.2981     6
11.3031     4
11.3081     3
11.3131     6
11.3181     2
11.3231     3
11.3281     4
11.3331     6
11.3381     2
11.3431     7
11.3481     4
11.3531     6
11.3581     4
11.3631     8
11.3681     5
11.3731     4
11.3781     6
11.3831     6
11.3881     2
11.3931     3
11.3981     3
11.4031     5
11.4081     5
11.4131     5
11.4181     4
11.4231     2
11.4281     3
11.4331     6
11.4381     3
11.4431     2
11.4481     2
11.4531     4
11.4581     4
11.4631     5
11.4681     5
11.4731     6
11.4781     5
11.4831     8
11.4881     5
11.4931     0
11.4981     2
11.5031     4
11.5081     5
11.5131     3
11.5181     4
11.5231     2
11.5281     3
11.5331     9
11.5381     7
11.5431     1
11.5481     4
11.5531     4
11.5581     6
11.5631     0
11.5681     2
11.5731     5
11.5781     4
11.5831     4
11.5881     2
11.5931     3
11.5981     2
11.6031     6
11.6081     2
11.6131     3
11.6181     6
11.6231     4
11.6281     3
11.6331     3
11.6381     7
11.6431     2
11.6481     2
11.6531     4
11.6581     3
11.6631     3
11.6681     2
11.6731     1
11.6781     2
11.6831     3
11.6881     1
11.6931     1
11.6981     2
11.7031     3
11.7081     0
11.7131     4
11.7181     2
11.7231     4
11.7281     6
11.7331     4
11.7381     3
11.7431     5
11.7481     5
11.7531     3
11.7581     5
11.7631     2
11.7681     2
11.7731     6
11.7781     1
11.7831     3
11.7881     4
11.7931     4
11.7981     6
11.8031     3
11.8081     6
11.8131     1
11.8181     2
11.8231     1
11.8281     1
11.8331     4
11.8381     1
11.8431     3
11.8481     5
11.8531     2
11.8581     4
11.8631     2
11.8681     3
11.8731     5
11.8781     3
11.8831     6
11.8881     4
11.8931     7
11.8981     1
11.9031     0
11.9081     4
11.9131     2
11.9181     2
11.9231     2
11.9281     5
11.9331     3
11.9381     3
11.9431     4
11.9481     4
11.9531     8
11.9581     1
11.9631     2
11.9681     8
11.9731     4
11.9781     1
11.9831     1
11.9881     1
11.9931     5
11.9981     4
12.0031     4
12.0081     3
12.0131     1
12.0181     2
12.0231     4
12.0281     0
12.0331     5
12.0381     5
12.0431     4
12.0481     1
12.0531     2
12.0581     5
12.0631     2
12.0681     6
12.0731     3
12.0781     3
12.0831     5
12.0881     3
12.0931     2
12.0981     1
12.1031     1
12.1081     3
12.1131     4
12.1181     4
12.1231     3
12.1281     2
12.1331     4
12.1381     3
12.1431     5
12.1481     4
12.1531     2
12.1581     3
12.1631     1
12.1681     1
12.1731     1
12.1781     3
12.1831     3
12.1881     4
12.1931     3
12.1981     3
12.2031     3
12.2081     2
12.2131     2
12.2181     5
12.2231     4
12.2281     2
12.2331     2
12.2381     1
12.2431     3
12.2481     5
12.2531     5
12.2581     2
12.2631     2
12.2681     5
12.2731     1
12.2781     1
12.2831     2
12.2881     0
12.2931     5
12.2981     3
12.3031     2
12.3081     1
12.3131     1
12.3181     3
12.3231     4
12.3281     5
12.3331     2
12.3381     2
12.3431     1
12.3481     2
12.3531     2
12.3581     5
12.3631     3
12.3681     3
12.3731     2
12.3781     3
12.3831     1
12.3881     1
12.3931     4
12.3981     5
12.4031     2
12.4081     1
12.4131     2
12.4181     0
12.4231     2
12.4281     6
12.4331     2
12.4381     1
12.4431     2
12.4481     3
12.4531     4
12.4581     2
12.4631     4
12.4681     3
12.4731     1
12.4781     3
12.4831     3
12.4881     1
12.4931     1
12.4981     2
12.5031     3
12.5081     2
12.5131     4
12.5181     4
12.5231     3
12.5281     1
12.5331     2
12.5381     3
12.5431     2
12.5481     3
12.5531     4
12.5581     4
12.5631     5
12.5681     1
12.5731     1
12.5781     1
12.5831     0
12.5881     1
12.5931     1
12.5981     1
12.6031     3
12.6081     2
12.6131     3
12.6181     2
12.6231     1
12.6281     2
12.6331     2
12.6381     5
12.6431     1
12.6481     0
12.6531     0
12.6581     1
12.6631     4
12.6681     2
12.6731     1
12.6781     3
12.6831     1
12.6881     3
12.6931     3
12.6981     3
12.7031     3
12.7081     0
12.7131     3
12.7181     0
12.7231     0
12.7281     0
12.7331     2
12.7381     1
12.7431     3
12.7481     6
12.7531     3
12.7581     2
12.7631     1
12.7681     1
12.7731     3
12.7781     4
12.7831     2
12.7881     1
12.7931     3
12.7981     3
12.8031     6
12.8081     4
12.8131     1
12.8181     0
12.8231     2
12.8281     2
12.8331     1
12.8381     3
12.8431     2
12.8481     2
12.8531     4
12.8581     2
12.8631     1
12.8681     1
12.8731     1
12.8781     2
12.8831     1
12.8881     2
12.8931     1
12.8981     2
12.9031     3
12.9081     4
12.9131     2
12.9181     1
12.9231     7
12.9281     2
12.9331     3
12.9381     3
12.9431     1
12.9481     2
12.9531     0
12.9581     4
12.9631     0
12.9681     1
12.9731     7
12.9781     2
12.9831     2
12.9881     1
12.9931     0
12.9981     0
13.0031     0
13.0081     0
13.0131     4
13.0181     0
13.0231     3
13.0281     5
13.0331     1
13.0381     3
13.0431     3
13.0481     0
13.0531     0
13.0581     2
13.0631     2
13.0681     3
13.0731     1
13.0781     2
13.0831     0
13.0881     2
13.0931     3
13.0981     2
13.1031     0
13.1081     1
13.1131     6
13.1181     2
13.1231     0
13.1281     3
13.1331     3
13.1381     2
13.1431     3
13.1481     1
13.1531     2
13.1581     2
13.1631     2
13.1681     1
13.1731     2
13.1781     1
13.1831     1
13.1881     1
13.1931     1
13.1981     7
13.2031     0
13.2081     3
13.2131     1
13.2181     0
13.2231     1
13.2281     6
13.2331     2
13.2381     0
13.2431     0
13.2481     2
13.2531     1
13.2581     1
13.2631     1
13.2681     2
13.2731     0
13.2781     4
13.2831     4
13.2881     3
13.2931     0
13.2981     2
13.3031     3
13.3081     0
13.3131     1
13.3181     0
13.3231     2
13.3281     1
13.3331     2
13.3381     5
13.3431     0
13.3481     1
13.3531     2
13.3581     4
13.3631     2
13.3681     0
13.3731     1
13.3781     1
13.3831     1
13.3881     0
13.3931     4
13.3981     0
13.4031     0
13.4081     4
13.4131     3
13.4181     0
13.4231     1
13.4281     2
13.4331     1
13.4381     1
13.4431     2
13.4481     3
13.4531     2
13.4581     2
13.4631     1
13.4681     1
13.4731     3
13.4781     2
13.4831     0
13.4881     2
13.4931     2
13.4981     3
13.5031     2
13.5081     3
13.5131     2
13.5181     2
13.5231     5
13.5281     4
13.5331     2
13.5381     2
13.5431     2
13.5481     3
13.5531     1
13.5581     1
13.5631     0
13.5681     1
13.5731     2
13.5781     2
13.5831     0
13.5881     2
13.5931     2
13.5981     3
13.6031     0
13.6081     4
13.6131     2
13.6181     1
13.6231     3
13.6281     2
13.6331     1
13.6381     1
13.6431     3
13.6481     0
13.6531     0
13.6581     1
13.6631     0
13.6681     0
13.6731     1
13.6781     1
13.6831     1
13.6881     2
13.6931     0
13.6981     2
13.7031     0
13.7081     1
13.7131     0
13.7181     2
13.7231     1
13.7281     1
13.7331     1
13.7381     1
13.7431     1
13.7481     1
13.7531     4
13.7581     2
13.7631     1
13.7681     2
13.7731     0
13.7781     1
13.7831     0
13.7881     2
13.7931     3
13.7981     2
13.8031     1
13.8081     0
13.8131     2
13.8181     3
13.8231     4
13.8281     4
13.8331     1
13.8381     0
13.8431     3
13.8481     3
13.8531     0
13.8581     3
13.8631     3
13.8681     3
13.8731     2
13.8781     1
13.8831     1
13.8881     0
13.8931     2
13.8981     2
13.9031     2
13.9081     1
13.9131     0
13.9181     2
13.9231     2
13.9281     3
13.9331     1
13.9381     1
13.9431     0
13.9481     1
13.9531     1
13.9581     0
13.9631     2
13.9681     1
13.9731     0
13.9781     2
13.9831     3
13.9881     2
13.9931     1
13.9981     0
14.0031     0
14.0081     1
14.0131     2
14.0181     4
14.0231     1
14.0281     1
14.0331     1
14.0381     3
14.0431     3
14.0481     1
14.0531     4
14.0581     1
14.0631     1
14.0681     0
14.0731     1
14.0781     0
14.0831     0
14.0881     2
14.0931     1
14.0981     1
14.1031     1
14.1081     1
14.1131     2
14.1181     0
14.1231     1
14.1281     0
14.1331     0
14.1381     3
14.1431     1
14.1481     1
14.1531     3
14.1581     0
14.1631     1
14.1681     0
14.1731     0
14.1781     2
14.1831     3
14.1881     0
14.1931     2
14.1981     2
14.2031     0
14.2081     4
14.2131     0
14.2181     2
14.2231     1
14.2281     0
14.2331     2
14.2381     3
14.2431     0
14.2481     2
14.2531     0
14.2581     1
14.2631     2
14.2681     0
14.2731     3
14.2781     1
14.2831     3
14.2881     0
14.2931     1
14.2981     2
14.3031     0
14.3081     1
14.3131     0
14.3181     2
14.3231     4
14.3281     1
14.3331     0
14.3381     1
14.3431     1
14.3481     2
14.3531     1
14.3581     0
14.3631     0
14.3681     0
14.3731     0
14.3781     0
14.3831     1
14.3881     1
14.3931     1
14.3981     1
14.4031     0
14.4081     0
14.4131     2
14.4181     2
14.4231     1
14.4281     1
14.4331     4
14.4381     5
14.4431     1
14.4481     1
14.4531     2
14.4581     0
14.4631     1
14.4681     2
14.4731     3
14.4781     0
14.4831     1
14.4881     3
14.4931     1
14.4981     4
14.5031     2
14.5081     3
14.5131     2
14.5181     1
14.5231     2
14.5281     2
14.5331     1
14.5381     1
14.5431     1
14.5481     2
14.5531     3
14.5581     6
14.5631     3
14.5681     0
14.5731     1
14.5781     1
14.5831     1
14.5881     2
14.5931     2
14.5981     2
14.6031     3
14.6081     1
14.6131     3
14.6181     2
14.6231     1
14.6281     2
14.6331     2
14.6381     0
14.6431     0
14.6481     2
14.6531     2
14.6581     1
14.6631     0
14.6681     2
14.6731     0
14.6781     1
14.6831     2
14.6881     1
14.6931     2
14.6981     4
14.7031     2
14.7081     2
14.7131     0
14.7181     1
14.7231     2
14.7281     2
14.7331     1
14.7381     1
14.7431     2
14.7481     0
14.7531     5
14.7581     1
14.7631     3
14.7681     1
14.7731     1
14.7781     2
14.7831     0
14.7881     2
14.7931     1
14.7981     1
14.8031     1
14.8081     1
14.8131     0
14.8181     2
14.8231     0
14.8281     3
14.8331     2
14.8381     3
14.8431     0
14.8481     0
14.8531     0
14.8581     0
14.8631     2
14.8681     1
14.8731     1
14.8781     2
14.8831     0
14.8881     0
14.8931     1
14.8981     0
14.9031     0
14.9081     3
14.9131     1
14.9181     1
14.9231     0
14.9281     2
14.9331     2
14.9381     1
14.9431     1
14.9481     1
14.9531     0
14.9581     1
14.9631     1
14.9681     1
14.9731     2
14.9781     3
14.9831     0
14.9881     1
14.9931     1
14.9981     0
15.0031     3
15.0081     0
15.0131     4
15.0181     0
15.0231     1
15.0281     1
15.0331     0
15.0381     1
15.0431     3
15.0481     0
15.0531     1
15.0581     1
15.0631     1
15.0681     3
15.0731     2
15.0781     2
15.0831     1
15.0881     2
15.0931     2
15.0981     0
15.1031     1
15.1081     2
15.1131     2
15.1181     2
15.1231     1
15.1281     1
15.1331     0
15.1381     0
15.1431     2
15.1481     0
15.1531     0
15.1581     1
15.1631     0
15.1681     1
15.1731     1
15.1781     3
15.1831     3
15.1881     0
15.1931     1
15.1981     1
15.2031     0
15.2081     2
15.2131     0
15.2181     3
15.2231     1
15.2281     0
15.2331     0
15.2381     0
15.2431     1
15.2481     1
15.2531     0
15.2581     0
15.2631     2
15.2681     1
15.2731     2
15.2781     0
15.2831     0
15.2881     0
15.2931     3
15.2981     1
15.3031     3
15.3081     0
15.3131     1
15.3181     2
15.3231     1
15.3281     3
15.3331     3
15.3381     1
15.3431     0
15.3481     1
15.3531     1
15.3581     3
15.3631     1
15.3681     1
15.3731     2
15.3781     0
15.3831     2
15.3881     2
15.3931     1
15.3981     1
15.4031     1
15.4081     2
15.4131     2
15.4181     1
15.4231     0
15.4281     1
15.4331     2
15.4381     2
15.4431     3
15.4481     3
15.4531     0
15.4581     1
15.4631     0
15.4681     0
15.4731     0
15.4781     1
15.4831     0
15.4881     0
15.4931     1
15.4981     1
15.5031     2
15.5081     1
15.5131     0
15.5181     3
15.5231     0
15.5281     0
15.5331     2
15.5381     1
15.5431     1
15.5481     1
15.5531     0
15.5581     0
15.5631     1
15.5681     0
15.5731     1
15.5781     1
15.5831     3
15.5881     1
15.5931     1
15.5981     1
15.6031     1
15.6081     3
15.6131     0
15.6181     2
15.6231     1
15.6281     1
15.6331     0
15.6381     0
15.6431     2
15.6481     0
15.6531     3
15.6581     0
15.6631     2
15.6681     1
15.6731     0
15.6781     0
15.6831     0
15.6881     1
15.6931     2
15.6981     2
15.7031     1
15.7081     1
15.7131     2
15.7181     1
15.7231     2
15.7281     2
15.7331     0
15.7381     1
15.7431     1
15.7481     3
15.7531     3
15.7581     0
15.7631     2
15.7681     1
15.7731     1
15.7781     1
15.7831     0
15.7881     0
15.7931     2
15.7981     2
15.8031     0
15.8081     3
15.8131     2
15.8181     1
15.8231     1
15.8281     1
15.8331     2
15.8381     2
15.8431     3
15.8481     0
15.8531     1
15.8581     2
15.8631     2
15.8681     3
15.8731     1
15.8781     0
15.8831     0
15.8881     1
15.8931     1
15.8981     2
15.9031     0
15.9081     1
15.9131     3
15.9181     0
15.9231     3
15.9281     0
15.9331     0
15.9381     1
15.9431     0
15.9481     0
15.9531     0
15.9581     2
15.9631     1
15.9681     0
15.9731     2
15.9781     1
15.9831     0
15.9881     1
15.9931     0
15.9981     0
16.0031     1
16.0081     1
16.0131     0
16.0181     1
16.0231     0
16.0281     1
16.0331     3
16.0381     1
16.0431     1
16.0481     1
16.0531     1
16.0581     4
16.0631     1
16.0681     1
16.0731     0
16.0781     0
16.0831     2
16.0881     0
16.0931     0
16.0981     3
16.1031     5
16.1081     0
16.1131     0
16.1181     0
16.1231     0
16.1281     2
16.1331     0
16.1381     1
16.1431     0
16.1481     0
16.1531     1
16.1581     3
16.1631     0
16.1681     3
16.1731     0
16.1781     2
16.1831     1
16.1881     5
16.1931     2
16.1981     1
16.2031     1
16.2081     1
16.2131     2
16.2181     1
16.2231     1
16.2281     2
16.2331     1
16.2381     1
16.2431     1
16.2481     2
16.2531     1
16.2581     0
16.2631     0
16.2681     1
16.2731     2
16.2781     2
16.2831     1
16.2881     3
16.2931     3
16.2981     3
16.3031     0
16.3081     1
16.3131     2
16.3181     0
16.3231     0
16.3281     0
16.3331     1
16.3381     1
16.3431     0
16.3481     1
16.3531     0
16.3581     0
16.3631     0
16.3681     1
16.3731     1
16.3781     0
16.3831     0
16.3881     3
16.3931     0
16.3981     1
16.4031     2
16.4081     0
16.4131     2
16.4181     1
16.4231     1
16.4281     0
16.4331     2
16.4381     1
16.4431     0
16.4481     3
16.4531     0
16.4581     1
16.4631     2
16.4681     0
16.4731     1
16.4781     3
16.4831     1
16.4881     1
16.4931     3
16.4981     0
16.5031     1
16.5081     1
16.5131     1
16.5181     1
16.5231     1
16.5281     1
16.5331     0
16.5381     3
16.5431     0
16.5481     4
16.5531     1
16.5581     1
16.5631     5
16.5681     0
16.5731     1
16.5781     3
16.5831     0
16.5881     0
16.5931     1
16.5981     1
16.6031     4
16.6081     1
16.6131     1
16.6181     1
16.6231     1
16.6281     1
16.6331     1
16.6381     0
16.6431     2
16.6481     3
16.6531     0
16.6581     0
16.6631     1
16.6681     2
16.6731     2
16.6781     1
16.6831     0
16.6881     0
16.6931     2
16.6981     1
16.7031     0
16.7081     3
16.7131     2
16.7181     2
16.7231     1
16.7281     1
16.7331     3
16.7381     1
16.7431     0
16.7481     1
16.7531     0
16.7581     0
16.7631     0
16.7681     2
16.7731     1
16.7781     3
16.7831     0
16.7881     0
16.7931     2
16.7981     0
16.8031     3
16.8081     1
16.8131     1
16.8181     2
16.8231     0
16.8281     1
16.8331     1
16.8381     1
16.8431     0
16.8481     2
16.8531     1
16.8581     0
16.8631     0
16.8681     0
16.8731     1
16.8781     2
16.8831     1
16.8881     2
16.8931     3
16.8981     3
16.9031     2
16.9081     0
16.9131     0
16.9181     1
16.9231     0
16.9281     0
16.9331     2
16.9381     0
16.9431     0
16.9481     2
16.9531     1
16.9581     4
16.9631     4
16.9681     0
16.9731     1
16.9781     2
16.9831     0
16.9881     2
16.9931     1
16.9981     1
17.0031     2
17.0081     2
17.0131     1
17.0181     0
17.0231     1
17.0281     0
17.0331     0
17.0381     2
17.0431     0
17.0481     0
17.0531     1
17.0581     0
17.0631     0
17.0681     0
17.0731     0
17.0781     2
17.0831     1
17.0881     1
17.0931     0
17.0981     0
17.1031     0
17.1081     3
17.1131     2
17.1181     1
17.1231     0
17.1281     1
17.1331     1
17.1381     2
17.1431     0
17.1481     1
17.1531     0
17.1581     0
17.1631     1
17.1681     2
17.1731     0
17.1781     1
17.1831     2
17.1881     3
17.1931     2
17.1981     0
17.2031     1
17.2081     0
17.2131     0
17.2181     2
17.2231     0
17.2281     0
17.2331     1
17.2381     1
17.2431     0
17.2481     1
17.2531     3
17.2581     0
17.2631     1
17.2681     1
17.2731     0
17.2781     1
17.2831     1
17.2881     0
17.2931     1
17.2981     0
17.3031     0
17.3081     0
17.3131     1
17.3181     2
17.3231     1
17.3281     0
17.3331     1
17.3381     1
17.3431     1
17.3481     0
17.3531     1
17.3581     0
17.3631     0
17.3681     0
17.3731     0
17.3781     1
17.3831     1
17.3881     1
17.3931     0
17.3981     2
17.4031     1
17.4081     2
17.4131     2
17.4181     0
17.4231     3
17.4281     2
17.4331     2
17.4381     2
17.4431     2
17.4481     1
17.4531     0
17.4581     0
17.4631     0
17.4681     2
17.4731     1
17.4781     0
17.4831     1
17.4881     1
17.4931     1
17.4981     0
17.5031     0
17.5081     0
17.5131     2
17.5181     0
17.5231     4
17.5281     0
17.5331     0
17.5381     0
17.5431     1
17.5481     1
17.5531     1
17.5581     0
17.5631     0
17.5681     0
17.5731     2
17.5781     1
17.5831     1
17.5881     0
17.5931     2
17.5981     0
17.6031     3
17.6081     2
17.6131     0
17.6181     0
17.6231     1
17.6281     1
17.6331     1
17.6381     1
17.6431     0
17.6481     0
17.6531     0
17.6581     0
17.6631     0
17.6681     1
17.6731     0
17.6781     2
17.6831     0
17.6881     0
17.6931     2
17.6981     3
17.7031     0
17.7081     1
17.7131     0
17.7181     0
17.7231     0
17.7281     1
17.7331     0
17.7381     0
17.7431     0
17.7481     3
17.7531     0
17.7581     3
17.7631     0
17.7681     1
17.7731     2
17.7781     0
17.7831     3
17.7881     0
17.7931     1
17.7981     1
17.8031     2
17.8081     1
17.8131     1
17.8181     1
17.8231     0
17.8281     0
17.8331     0
17.8381     1
17.8431     1
17.8481     0
17.8531     1
17.8581     2
17.8631     0
17.8681     0
17.8731     0
17.8781     2
17.8831     0
17.8881     1
17.8931     1
17.8981     0
17.9031     3
17.9081     0
17.9131     2
17.9181     1
17.9231     0
17.9281     0
17.9331     0
17.9381     1
17.9431     3
17.9481     1
17.9531     1
17.9581     2
17.9631     0
17.9681     0
17.9731     1
17.9781     0
17.9831     1
17.9881     1
17.9931     0
17.9981     1
18.0031     3
18.0081     0
18.0131     1
18.0181     1
18.0231     1
18.0281     1
18.0331     1
18.0381     0
18.0431     0
18.0481     0
18.0531     0
18.0581     2
18.0631     0
18.0681     2
18.0731     0
18.0781     0
18.0831     1
18.0881     2
18.0931     2
18.0981     1
18.1031     1
18.1081     1
18.1131     1
18.1181     1
18.1231     0
18.1281     2
18.1331     0
18.1381     0
18.1431     0
18.1481     1
18.1531     0
18.1581     1
18.1631     0
18.1681     0
18.1731     0
18.1781     0
18.1831     1
18.1881     1
18.1931     1
18.1981     0
18.2031     1
18.2081     0
18.2131     1
18.2181     1
18.2231     0
18.2281     1
18.2331     2
18.2381     0
18.2431     0
18.2481     0
18.2531     1
18.2581     0
18.2631     2
18.2681     0
18.2731     0
18.2781     1
18.2831     0
18.2881     3
18.2931     1
18.2981     1
18.3031     1
18.3081     2
18.3131     0
18.3181     1
18.3231     2
18.3281     1
18.3331     0
18.3381     1
18.3431     1
18.3481     1
18.3531     2
18.3581     1
18.3631     1
18.3681     0
18.3731     0
18.3781     0
18.3831     2
18.3881     1
18.3931     0
18.3981     3
18.4031     2
18.4081     0
18.4131     1
18.4181     0
18.4231     0
18.4281     1
18.4331     0
18.4381     1
18.4431     1
18.4481     3
18.4531     1
18.4581     0
18.4631     0
18.4681     0
18.4731     1
18.4781     1
18.4831     0
18.4881     1
18.4931     1
18.4981     0
18.5031     0
18.5081     1
18.5131     1
18.5181     1
18.5231     0
18.5281     0
18.5331     0
18.5381     1
18.5431     0
18.5481     0
18.5531     0
18.5581     1
18.5631     1
18.5681     0
18.5731     1
18.5781     2
18.5831     0
18.5881     0
18.5931     0
18.5981     0
18.6031     1
18.6081     3
18.6131     0
18.6181     0
18.6231     0
18.6281     1
18.6331     0
18.6381     0
18.6431     0
18.6481     0
18.6531     1
18.6581     0
18.6631     1
18.6681     1
18.6731     1
18.6781     1
18.6831     2
18.6881     1
18.6931     0
18.6981     0
18.7031     0
18.7081     1
18.7131     0
18.7181     1
18.7231     1
18.7281     1
18.7331     1
18.7381     1
18.7431     1
18.7481     0
18.7531     2
18.7581     0
18.7631     0
18.7681     2
18.7731     2
18.7781     1
18.7831     1
18.7881     1
18.7931     0
18.7981     2
18.8031     1
18.8081     2
18.8131     1
18.8181     0
18.8231     3
18.8281     2
18.8331     1
18.8381     2
18.8431     1
18.8481     1
18.8531     2
18.8581     1
18.8631     1
18.8681     1
18.8731     2
18.8781     1
18.8831     1
18.8881     0
18.8931     0
18.8981     2
18.9031     0
18.9081     0
18.9131     0
18.9181     0
18.9231     1
18.9281     0
18.9331     0
18.9381     1
18.9431     0
18.9481     1
18.9531     1
18.9581     2
18.9631     1
18.9681     0
18.9731     0
18.9781     0
18.9831     1
18.9881     0
18.9931     0
18.9981     1
19.0031     0
19.0081     1
19.0131     2
19.0181     0
19.0231     0
19.0281     0
19.0331     0
19.0381     1
19.0431     0
19.0481     3
19.0531     0
19.0581     0
19.0631     1
19.0681     1
19.0731     2
19.0781     1
19.0831     0
19.0881     0
19.0931     0
19.0981     2
19.1031     1
19.1081     0
19.1131     1
19.1181     2
19.1231     0
19.1281     0
19.1331     0
19.1381     1
19.1431     0
19.1481     1
19.1531     1
19.1581     0
19.1631     0
19.1681     0
19.1731     0
19.1781     0
19.1831     1
19.1881     0
19.1931     0
19.1981     1
19.2031     0
19.2081     0
19.2131     0
19.2181     1
19.2231     1
19.2281     1
19.2331     0
19.2381     0
19.2431     0
19.2481     1
19.2531     1
19.2581     1
19.2631     4
19.2681     3
19.2731     2
19.2781     0
19.2831     0
19.2881     0
19.2931     0
19.2981     1
19.3031     0
19.3081     2
19.3131     0
19.3181     0
19.3231     2
19.3281     0
19.3331     3
19.3381     0
19.3431     2
19.3481     0
19.3531     0
19.3581     0
19.3631     0
19.3681     1
19.3731     1
19.3781     1
19.3831     0
19.3881     1
19.3931     0
19.3981     1
19.4031     1
19.4081     0
19.4131     0
19.4181     0
19.4231     0
19.4281     2
19.4331     1
19.4381     1
19.4431     0
19.4481     0
19.4531     0
19.4581     0
19.4631     0
19.4681     0
19.4731     2
19.4781     1
19.4831     0
19.4881     0
19.4931     3
19.4981     0
19.5031     1
19.5081     3
19.5131     0
19.5181     1
19.5231     1
19.5281     1
19.5331     0
19.5381     2
19.5431     0
19.5481     0
19.5531     0
19.5581     1
19.5631     0
19.5681     1
19.5731     1
19.5781     1
19.5831     0
19.5881     1
19.5931     2
19.5981     1
19.6031     1
19.6081     1
19.6131     3
19.6181     0
19.6231     0
19.6281     0
19.6331     0
19.6381     0
19.6431     0
19.6481     2
19.6531     2
19.6581     1
19.6631     1
19.6681     1
19.6731     1
19.6781     1
19.6831     0
19.6881     0
19.6931     0
19.6981     0
19.7031     0
19.7081     0
19.7131     0
19.7181     0
19.7231     0
19.7281     1
19.7331     1
19.7381     3
19.7431     1
19.7481     1
19.7531     1
19.7581     1
19.7631     0
19.7681     0
19.7731     1
19.7781     0
19.7831     0
19.7881     2
19.7931     2
19.7981     0
19.8031     0
19.8081     0
19.8131     2
19.8181     0
19.8231     0
19.8281     1
19.8331     2
19.8381     0
19.8431     0
19.8481     0
19.8531     3
19.8581     2
19.8631     2
19.8681     1
19.8731     0
19.8781     1
19.8831     1
19.8881     1
19.8931     1
19.8981     1
19.9031     0
19.9081     1
19.9131     0
19.9181     0
19.9231     0
19.9281     2
19.9331     1
19.9381     2
19.9431     0
19.9481     0
19.9531     1
19.9581     0
19.9631     0
19.9681     0
19.9731     0
19.9781     1
19.9831     2
19.9881     2
19.9931     1
19.9981     0
